2.983871e+06 1.238339e+06 -1.552853e+06 0.000000e+00 0.000000e+00 0.000000e+00 5.517800e+24 1.464200e+04 1.375300e+13
-6.489097e+05 -2.040820e+06 -2.874384e+06 0.000000e+00 0.000000e+00 0.000000e+00 5.517800e+24 1.464200e+04 1.375300e+13
-2.983871e+06 -1.238339e+06 1.552853e+06 0.000000e+00 0.000000e+00 0.000000e+00 5.517800e+24 1.464200e+04 1.375300e+13
-7.602238e+06 2.403425e+06 5.973286e+06 0.000000e+00 0.000000e+00 0.000000e+00 5.932200e+24 1.345900e+04 1.222300e+13
-8.741836e+06 -1.751416e+06 4.445631e+06 0.000000e+00 0.000000e+00 0.000000e+00 5.932200e+24 1.345900e+04 1.222300e+13
-9.505096e+06 2.978831e+06 -1.779638e+05 0.000000e+00 0.000000e+00 0.000000e+00 5.932200e+24 1.345900e+04 1.222300e+13
-5.135060e+06 8.413375e+06 1.448153e+06 0.000000e+00 0.000000e+00 0.000000e+00 5.932200e+24 1.345900e+04 1.222300e+13
2.039056e+04 7.402792e+06 6.666998e+06 0.000000e+00 0.000000e+00 0.000000e+00 5.932200e+24 1.345900e+04 1.222300e+13
1.735919e+06 7.403170e+05 9.782153e+06 0.000000e+00 0.000000e+00 0.000000e+00 5.932200e+24 1.345900e+04 1.222300e+13
-6.908903e+05 -6.225396e+06 7.747129e+06 0.000000e+00 0.000000e+00 0.000000e+00 5.932200e+24 1.345900e+04 1.222300e+13
-4.836837e+06 -8.550454e+06 1.657048e+06 0.000000e+00 0.000000e+00 0.000000e+00 5.932200e+24 1.345900e+04 1.222300e+13
-7.308172e+06 -4.847042e+06 -4.727350e+06 0.000000e+00 0.000000e+00 0.000000e+00 5.932200e+24 1.345900e+04 1.222300e+13
-5.964970e+06 2.297340e+06 -7.641547e+06 0.000000e+00 0.000000e+00 0.000000e+00 5.932200e+24 1.345900e+04 1.222300e+13
-1.128360e+06 8.164918e+06 -5.595813e+06 0.000000e+00 0.000000e+00 0.000000e+00 5.932200e+24 1.345900e+04 1.222300e+13
4.659062e+06 8.802816e+06 -2.357942e+05 0.000000e+00 0.000000e+00 0.000000e+00 5.932200e+24 1.345900e+04 1.222300e+13
8.131782e+06 3.500943e+06 4.568222e+06 0.000000e+00 0.000000e+00 0.000000e+00 5.932200e+24 1.345900e+04 1.222300e+13
7.360963e+06 -4.441726e+06 5.033763e+06 0.000000e+00 0.000000e+00 0.000000e+00 5.932200e+24 1.345900e+04 1.222300e+13
3.329467e+06 -9.388554e+06 1.442988e+05 0.000000e+00 0.000000e+00 0.000000e+00 5.932200e+24 1.345900e+04 1.222300e+13
-1.133879e+05 -7.227285e+06 -6.855986e+06 0.000000e+00 0.000000e+00 0.000000e+00 5.932200e+24 1.345900e+04 1.222300e+13
1.243706e+06 2.382889e+05 -9.881687e+06 0.000000e+00 0.000000e+00 0.000000e+00 5.932200e+24 1.345900e+04 1.222300e+13
7.203221e+06 4.036409e+06 -5.574143e+06 0.000000e+00 0.000000e+00 0.000000e+00 5.932200e+24 1.345900e+04 1.222300e+13
9.267475e+06 -3.188104e+06 -1.789214e+06 0.000000e+00 0.000000e+00 0.000000e+00 5.932200e+24 1.345900e+04 1.222300e+13
7.602238e+06 -2.403425e+06 -5.973286e+06 0.000000e+00 0.000000e+00 0.000000e+00 5.932200e+24 1.345900e+04 1.222300e+13
-9.297335e+06 1.085611e+07 9.390822e+06 0.000000e+00 0.000000e+00 0.000000e+00 5.816600e+24 1.120700e+04 9.458800e+12
-7.946322e+06 1.391961e+07 5.965852e+06 0.000000e+00 0.000000e+00 0.000000e+00 5.816600e+24 1.120700e+04 9.458800e+12
-2.998990e+06 1.288269e+07 1.084162e+07 0.000000e+00 0.000000e+00 0.000000e+00 5.816600e+24 1.120700e+04 9.458800e+12
-4.705679e+06 6.788077e+06 1.497542e+07 0.000000e+00 0.000000e+00 0.000000e+00 5.816600e+24 1.120700e+04 9.458800e+12
-1.073150e+07 2.158623e+06 1.313972e+07 0.000000e+00 0.000000e+00 0.000000e+00 5.816600e+24 1.120700e+04 9.458800e+12
-1.550207e+07 2.530677e+06 6.765650e+06 0.000000e+00 0.000000e+00 0.000000e+00 5.816600e+24 1.120700e+04 9.458800e+12
-1.552727e+07 7.167691e+06 1.589138e+05 0.000000e+00 0.000000e+00 0.000000e+00 5.816600e+24 1.120700e+04 9.458800e+12
-1.075456e+07 1.294947e+07 -3.021795e+06 0.000000e+00 0.000000e+00 0.000000e+00 5.816600e+24 1.120700e+04 9.458800e+12
-3.611186e+06 1.665364e+07 -1.452563e+06 0.000000e+00 0.000000e+00 0.000000e+00 5.816600e+24 1.120700e+04 9.458800e+12
2.712736e+06 1.644701e+07 3.826254e+06 0.000000e+00 0.000000e+00 0.000000e+00 5.816600e+24 1.120700e+04 9.458800e+12
5.744736e+06 1.234874e+07 1.034370e+07 0.000000e+00 0.000000e+00 0.000000e+00 5.816600e+24 1.120700e+04 9.458800e+12
4.537480e+06 5.879926e+06 1.540505e+07 0.000000e+00 0.000000e+00 0.000000e+00 5.816600e+24 1.120700e+04 9.458800e+12
-2.442105e+05 -7.248704e+05 1.708453e+07 0.000000e+00 0.000000e+00 0.000000e+00 5.816600e+24 1.120700e+04 9.458800e+12
-6.778753e+06 -5.363736e+06 1.475620e+07 0.000000e+00 0.000000e+00 0.000000e+00 5.816600e+24 1.120700e+04 9.458800e+12
-1.281088e+07 -6.715001e+06 9.125230e+06 0.000000e+00 0.000000e+00 0.000000e+00 5.816600e+24 1.120700e+04 9.458800e+12
-1.638149e+07 -4.547055e+06 1.863297e+06 0.000000e+00 0.000000e+00 0.000000e+00 5.816600e+24 1.120700e+04 9.458800e+12
-1.636133e+07 3.235855e+05 -4.969129e+06 0.000000e+00 0.000000e+00 0.000000e+00 5.816600e+24 1.120700e+04 9.458800e+12
-1.269748e+07 6.352774e+06 -9.533571e+06 0.000000e+00 0.000000e+00 0.000000e+00 5.816600e+24 1.120700e+04 9.458800e+12
-6.342695e+06 1.174272e+07 -1.069408e+07 0.000000e+00 0.000000e+00 0.000000e+00 5.816600e+24 1.120700e+04 9.458800e+12
1.066082e+06 1.493258e+07 -8.268106e+06 0.000000e+00 0.000000e+00 0.000000e+00 5.816600e+24 1.120700e+04 9.458800e+12
7.665234e+06 1.498676e+07 -3.019023e+06 0.000000e+00 0.000000e+00 0.000000e+00 5.816600e+24 1.120700e+04 9.458800e+12
1.184792e+07 1.180105e+07 3.583971e+06 0.000000e+00 0.000000e+00 0.000000e+00 5.816600e+24 1.120700e+04 9.458800e+12
1.265339e+07 6.092348e+06 9.759726e+06 0.000000e+00 0.000000e+00 0.000000e+00 5.816600e+24 1.120700e+04 9.458800e+12
9.982480e+06 -8.017004e+05 1.386291e+07 0.000000e+00 0.000000e+00 0.000000e+00 5.816600e+24 1.120700e+04 9.458800e+12
4.597956e+06 -7.265587e+06 1.478391e+07 0.000000e+00 0.000000e+00 0.000000e+00 5.816600e+24 1.120700e+04 9.458800e+12
-2.072318e+06 -1.180206e+07 1.220246e+07 0.000000e+00 0.000000e+00 0.000000e+00 5.816600e+24 1.120700e+04 9.458800e+12
-8.289147e+06 -1.339296e+07 6.664730e+06 0.000000e+00 0.000000e+00 0.000000e+00 5.816600e+24 1.120700e+04 9.458800e+12
-1.242194e+07 -1.174183e+07 -5.564567e+05 0.000000e+00 0.000000e+00 0.000000e+00 5.816600e+24 1.120700e+04 9.458800e+12
-1.334634e+07 -7.354663e+06 -7.764263e+06 0.000000e+00 0.000000e+00 0.000000e+00 5.816600e+24 1.120700e+04 9.458800e+12
-1.072218e+07 -1.421065e+06 -1.324807e+07 0.000000e+00 0.000000e+00 0.000000e+00 5.816600e+24 1.120700e+04 9.458800e+12
-5.098900e+06 4.462010e+06 -1.570240e+07 0.000000e+00 0.000000e+00 0.000000e+00 5.816600e+24 1.120700e+04 9.458800e+12
2.201712e+06 8.678966e+06 -1.457099e+07 0.000000e+00 0.000000e+00 0.000000e+00 5.816600e+24 1.120700e+04 9.458800e+12
9.390318e+06 1.000491e+07 -1.020826e+07 0.000000e+00 0.000000e+00 0.000000e+00 5.816600e+24 1.120700e+04 9.458800e+12
1.465288e+07 7.941912e+06 -3.834570e+06 0.000000e+00 0.000000e+00 0.000000e+00 5.816600e+24 1.120700e+04 9.458800e+12
1.663096e+07 2.890637e+06 2.742470e+06 0.000000e+00 0.000000e+00 0.000000e+00 5.816600e+24 1.120700e+04 9.458800e+12
1.482549e+07 -3.899960e+06 7.582583e+06 0.000000e+00 0.000000e+00 0.000000e+00 5.816600e+24 1.120700e+04 9.458800e+12
9.795130e+06 -1.062076e+07 9.150933e+06 0.000000e+00 0.000000e+00 0.000000e+00 5.816600e+24 1.120700e+04 9.458800e+12
3.096634e+06 -1.538238e+07 6.802440e+06 0.000000e+00 0.000000e+00 0.000000e+00 5.816600e+24 1.120700e+04 9.458800e+12
-3.097894e+06 -1.678467e+07 1.069597e+06 0.000000e+00 0.000000e+00 0.000000e+00 5.816600e+24 1.120700e+04 9.458800e+12
-6.622271e+06 -1.442358e+07 -6.371295e+06 0.000000e+00 0.000000e+00 0.000000e+00 5.816600e+24 1.120700e+04 9.458800e+12
-6.051275e+06 -9.157106e+06 -1.311578e+07 0.000000e+00 0.000000e+00 0.000000e+00 5.816600e+24 1.120700e+04 9.458800e+12
-1.328713e+06 -2.994454e+06 -1.678593e+07 0.000000e+00 0.000000e+00 0.000000e+00 5.816600e+24 1.120700e+04 9.458800e+12
5.968876e+06 1.482927e+06 -1.595816e+07 0.000000e+00 0.000000e+00 0.000000e+00 5.816600e+24 1.120700e+04 9.458800e+12
1.296207e+07 2.091091e+06 -1.095867e+07 0.000000e+00 0.000000e+00 0.000000e+00 5.816600e+24 1.120700e+04 9.458800e+12
1.649237e+07 -1.848808e+06 -4.130147e+06 0.000000e+00 0.000000e+00 0.000000e+00 5.816600e+24 1.120700e+04 9.458800e+12
1.468312e+07 -8.729993e+06 8.124223e+05 0.000000e+00 0.000000e+00 0.000000e+00 5.816600e+24 1.120700e+04 9.458800e+12
8.496152e+06 -1.483305e+07 5.207254e+05 0.000000e+00 0.000000e+00 0.000000e+00 5.816600e+24 1.120700e+04 9.458800e+12
2.256897e+06 -1.604257e+07 -5.480153e+06 0.000000e+00 0.000000e+00 0.000000e+00 5.816600e+24 1.120700e+04 9.458800e+12
1.747510e+06 -1.119289e+07 -1.281214e+07 0.000000e+00 0.000000e+00 0.000000e+00 5.816600e+24 1.120700e+04 9.458800e+12
8.644570e+06 -5.624036e+06 -1.364243e+07 0.000000e+00 0.000000e+00 0.000000e+00 5.816600e+24 1.120700e+04 9.458800e+12
1.279576e+07 -9.285240e+06 -6.521603e+06 0.000000e+00 0.000000e+00 0.000000e+00 5.816600e+24 1.120700e+04 9.458800e+12
9.297335e+06 -1.085611e+07 -9.390822e+06 0.000000e+00 0.000000e+00 0.000000e+00 5.816600e+24 1.120700e+04 9.458800e+12
-1.988281e+07 1.309184e+07 -7.088316e+06 0.000000e+00 0.000000e+00 0.000000e+00 5.863800e+24 8.340800e+03 6.255200e+12
-1.648733e+07 1.529040e+07 -1.055285e+07 0.000000e+00 0.000000e+00 0.000000e+00 5.863800e+24 8.340800e+03 6.255200e+12
-1.617109e+07 1.853722e+07 -3.441348e+06 0.000000e+00 0.000000e+00 0.000000e+00 5.863800e+24 8.340800e+03 6.255200e+12
-2.049640e+07 1.387677e+07 2.083027e+06 0.000000e+00 0.000000e+00 0.000000e+00 5.863800e+24 8.340800e+03 6.255200e+12
-2.404685e+07 6.223758e+06 -9.113765e+04 0.000000e+00 0.000000e+00 0.000000e+00 5.863800e+24 8.340800e+03 6.255200e+12
-2.352903e+07 1.774221e+06 -7.761870e+06 0.000000e+00 0.000000e+00 0.000000e+00 5.863800e+24 8.340800e+03 6.255200e+12
-1.915206e+07 3.147283e+06 -1.550081e+07 0.000000e+00 0.000000e+00 0.000000e+00 5.863800e+24 8.340800e+03 6.255200e+12
-1.326697e+07 9.165674e+06 -1.889378e+07 0.000000e+00 0.000000e+00 0.000000e+00 5.863800e+24 8.340800e+03 6.255200e+12
-8.560282e+06 1.658560e+07 -1.639031e+07 0.000000e+00 0.000000e+00 0.000000e+00 5.863800e+24 8.340800e+03 6.255200e+12
-6.815669e+06 2.203854e+07 -9.210653e+06 0.000000e+00 0.000000e+00 0.000000e+00 5.863800e+24 8.340800e+03 6.255200e+12
-8.431518e+06 2.336398e+07 -2.301372e+05 0.000000e+00 0.000000e+00 0.000000e+00 5.863800e+24 8.340800e+03 6.255200e+12
-1.257061e+07 2.011338e+07 7.377972e+06 0.000000e+00 0.000000e+00 0.000000e+00 5.863800e+24 8.340800e+03 6.255200e+12
-1.766157e+07 1.338036e+07 1.122552e+07 0.000000e+00 0.000000e+00 0.000000e+00 5.863800e+24 8.340800e+03 6.255200e+12
-2.199822e+07 5.208514e+06 1.029444e+07 0.000000e+00 0.000000e+00 0.000000e+00 5.863800e+24 8.340800e+03 6.255200e+12
-2.423458e+07 -2.132416e+06 5.012344e+06 0.000000e+00 0.000000e+00 0.000000e+00 5.863800e+24 8.340800e+03 6.255200e+12
-2.370037e+07 -6.776485e+06 -3.065010e+06 0.000000e+00 0.000000e+00 0.000000e+00 5.863800e+24 8.340800e+03 6.255200e+12
-2.046994e+07 -7.678841e+06 -1.178946e+07 0.000000e+00 0.000000e+00 0.000000e+00 5.863800e+24 8.340800e+03 6.255200e+12
-1.526772e+07 -4.767289e+06 -1.900465e+07 0.000000e+00 0.000000e+00 0.000000e+00 5.863800e+24 8.340800e+03 6.255200e+12
-9.222244e+06 1.148594e+06 -2.303514e+07 0.000000e+00 0.000000e+00 0.000000e+00 5.863800e+24 8.340800e+03 6.255200e+12
-3.582711e+06 8.644066e+06 -2.300994e+07 0.000000e+00 0.000000e+00 0.000000e+00 5.863800e+24 8.340800e+03 6.255200e+12
5.548818e+05 1.603628e+07 -1.896055e+07 0.000000e+00 0.000000e+00 0.000000e+00 5.863800e+24 8.340800e+03 6.255200e+12
2.457098e+06 2.174876e+07 -1.174549e+07 0.000000e+00 0.000000e+00 0.000000e+00 5.863800e+24 8.340800e+03 6.255200e+12
1.867455e+06 2.461004e+07 -2.805718e+06 0.000000e+00 0.000000e+00 0.000000e+00 5.863800e+24 8.340800e+03 6.255200e+12
-9.814281e+05 2.404685e+07 6.146903e+06 0.000000e+00 0.000000e+00 0.000000e+00 5.863800e+24 8.340800e+03 6.255200e+12
-5.444371e+06 2.014866e+07 1.346730e+07 0.000000e+00 0.000000e+00 0.000000e+00 5.863800e+24 8.340800e+03 6.255200e+12
-1.060702e+07 1.360841e+07 1.786946e+07 0.000000e+00 0.000000e+00 0.000000e+00 5.863800e+24 8.340800e+03 6.255200e+12
-1.546301e+07 5.560536e+06 1.862793e+07 0.000000e+00 0.000000e+00 0.000000e+00 5.863800e+24 8.340800e+03 6.255200e+12
-1.909032e+07 -2.632101e+06 1.567216e+07 0.000000e+00 0.000000e+00 0.000000e+00 5.863800e+24 8.340800e+03 6.255200e+12
-2.080508e+07 -9.624285e+06 9.567336e+06 0.000000e+00 0.000000e+00 0.000000e+00 5.863800e+24 8.340800e+03 6.255200e+12
-2.025827e+07 -1.430766e+07 1.384527e+06 0.000000e+00 0.000000e+00 0.000000e+00 5.863800e+24 8.340800e+03 6.255200e+12
-1.748140e+07 -1.597832e+07 -7.490231e+06 0.000000e+00 0.000000e+00 0.000000e+00 5.863800e+24 8.340800e+03 6.255200e+12
-1.286379e+07 -1.443618e+07 -1.559278e+07 0.000000e+00 0.000000e+00 0.000000e+00 5.863800e+24 8.340800e+03 6.255200e+12
-7.079622e+06 -9.993190e+06 -2.161017e+07 0.000000e+00 0.000000e+00 0.000000e+00 5.863800e+24 8.340800e+03 6.255200e+12
-9.716637e+05 -3.410732e+06 -2.458484e+07 0.000000e+00 0.000000e+00 0.000000e+00 5.863800e+24 8.340800e+03 6.255200e+12
4.581325e+06 4.232453e+06 -2.404307e+07 0.000000e+00 0.000000e+00 0.000000e+00 5.863800e+24 8.340800e+03 6.255200e+12
8.799415e+06 1.171210e+07 -2.005920e+07 0.000000e+00 0.000000e+00 0.000000e+00 5.863800e+24 8.340800e+03 6.255200e+12
1.111591e+07 1.784552e+07 -1.322791e+07 0.000000e+00 0.000000e+00 0.000000e+00 5.863800e+24 8.340800e+03 6.255200e+12
1.125639e+07 2.166812e+07 -4.561292e+06 0.000000e+00 0.000000e+00 0.000000e+00 5.863800e+24 8.340800e+03 6.255200e+12
9.274279e+06 2.256645e+07 4.660700e+06 0.000000e+00 0.000000e+00 0.000000e+00 5.863800e+24 8.340800e+03 6.255200e+12
5.537101e+06 2.037166e+07 1.308932e+07 0.000000e+00 0.000000e+00 0.000000e+00 5.863800e+24 8.340800e+03 6.255200e+12
6.687157e+05 1.536726e+07 1.950358e+07 0.000000e+00 0.000000e+00 0.000000e+00 5.863800e+24 8.340800e+03 6.255200e+12
-4.544661e+06 8.250341e+06 2.298474e+07 0.000000e+00 0.000000e+00 0.000000e+00 5.863800e+24 8.340800e+03 6.255200e+12
-9.269239e+06 2.467051e+04 2.304522e+07 0.000000e+00 0.000000e+00 0.000000e+00 5.863800e+24 8.340800e+03 6.255200e+12
-1.274536e+07 -8.147279e+06 1.970265e+07 0.000000e+00 0.000000e+00 0.000000e+00 5.863800e+24 8.340800e+03 6.255200e+12
-1.439460e+07 -1.511149e+07 1.346856e+07 0.000000e+00 0.000000e+00 0.000000e+00 5.863800e+24 8.340800e+03 6.255200e+12
-1.390953e+07 -1.989037e+07 5.280329e+06 0.000000e+00 0.000000e+00 0.000000e+00 5.863800e+24 8.340800e+03 6.255200e+12
-1.128927e+07 -2.182435e+07 -3.640038e+06 0.000000e+00 0.000000e+00 0.000000e+00 5.863800e+24 8.340800e+03 6.255200e+12
-6.849057e+06 -2.066648e+07 -1.195665e+07 0.000000e+00 0.000000e+00 0.000000e+00 5.863800e+24 8.340800e+03 6.255200e+12
-1.172873e+06 -1.662718e+07 -1.841627e+07 0.000000e+00 0.000000e+00 0.000000e+00 5.863800e+24 8.340800e+03 6.255200e+12
4.968751e+06 -1.034055e+07 -2.203098e+07 0.000000e+00 0.000000e+00 0.000000e+00 5.863800e+24 8.340800e+03 6.255200e+12
1.072949e+07 -2.782158e+06 -2.222879e+07 0.000000e+00 0.000000e+00 0.000000e+00 5.863800e+24 8.340800e+03 6.255200e+12
1.531182e+07 4.872997e+06 -1.894291e+07 0.000000e+00 0.000000e+00 0.000000e+00 5.863800e+24 8.340800e+03 6.255200e+12
1.808617e+07 1.142118e+07 -1.262819e+07 0.000000e+00 0.000000e+00 0.000000e+00 5.863800e+24 8.340800e+03 6.255200e+12
1.868841e+07 1.581075e+07 -4.210656e+06 0.000000e+00 0.000000e+00 0.000000e+00 5.863800e+24 8.340800e+03 6.255200e+12
1.708705e+07 1.730754e+07 5.048378e+06 0.000000e+00 0.000000e+00 0.000000e+00 5.863800e+24 8.340800e+03 6.255200e+12
1.358699e+07 1.561168e+07 1.373566e+07 0.000000e+00 0.000000e+00 0.000000e+00 5.863800e+24 8.340800e+03 6.255200e+12
8.801934e+06 1.092352e+07 2.049892e+07 0.000000e+00 0.000000e+00 0.000000e+00 5.863800e+24 8.340800e+03 6.255200e+12
3.561797e+06 3.922638e+06 2.426734e+07 0.000000e+00 0.000000e+00 0.000000e+00 5.863800e+24 8.340800e+03 6.255200e+12
-1.209927e+06 -4.319387e+06 2.443113e+07 0.000000e+00 0.000000e+00 0.000000e+00 5.863800e+24 8.340800e+03 6.255200e+12
-4.644195e+06 -1.249942e+07 2.095753e+07 0.000000e+00 0.000000e+00 0.000000e+00 5.863800e+24 8.340800e+03 6.255200e+12
-6.072693e+06 -1.928939e+07 1.442358e+07 0.000000e+00 0.000000e+00 0.000000e+00 5.863800e+24 8.340800e+03 6.255200e+12
-5.150557e+06 -2.355926e+07 5.950355e+06 0.000000e+00 0.000000e+00 0.000000e+00 5.863800e+24 8.340800e+03 6.255200e+12
-1.933223e+06 -2.458610e+07 -2.968122e+06 0.000000e+00 0.000000e+00 0.000000e+00 5.863800e+24 8.340800e+03 6.255200e+12
3.110619e+06 -2.219729e+07 -1.070479e+07 0.000000e+00 0.000000e+00 0.000000e+00 5.863800e+24 8.340800e+03 6.255200e+12
9.159374e+06 -1.684640e+07 -1.578933e+07 0.000000e+00 0.000000e+00 0.000000e+00 5.863800e+24 8.340800e+03 6.255200e+12
1.516819e+07 -9.562675e+06 -1.718910e+07 0.000000e+00 0.000000e+00 0.000000e+00 5.863800e+24 8.340800e+03 6.255200e+12
2.005416e+07 -1.794758e+06 -1.454705e+07 0.000000e+00 0.000000e+00 0.000000e+00 5.863800e+24 8.340800e+03 6.255200e+12
2.290788e+07 4.841121e+06 -8.293556e+06 0.000000e+00 0.000000e+00 0.000000e+00 5.863800e+24 8.340800e+03 6.255200e+12
2.319515e+07 8.880680e+06 3.641676e+05 0.000000e+00 0.000000e+00 0.000000e+00 5.863800e+24 8.340800e+03 6.255200e+12
2.090335e+07 9.337275e+06 9.637010e+06 0.000000e+00 0.000000e+00 0.000000e+00 5.863800e+24 8.340800e+03 6.255200e+12
1.659820e+07 5.967742e+06 1.748896e+07 0.000000e+00 0.000000e+00 0.000000e+00 5.863800e+24 8.340800e+03 6.255200e+12
1.135453e+07 -5.919613e+05 2.208390e+07 0.000000e+00 0.000000e+00 0.000000e+00 5.863800e+24 8.340800e+03 6.255200e+12
6.551211e+06 -8.878286e+06 2.225399e+07 0.000000e+00 0.000000e+00 0.000000e+00 5.863800e+24 8.340800e+03 6.255200e+12
3.562175e+06 -1.686782e+07 1.788206e+07 0.000000e+00 0.000000e+00 0.000000e+00 5.863800e+24 8.340800e+03 6.255200e+12
3.382384e+06 -2.244927e+07 1.008025e+07 0.000000e+00 0.000000e+00 0.000000e+00 5.863800e+24 8.340800e+03 6.255200e+12
6.284486e+06 -2.400780e+07 1.060602e+06 0.000000e+00 0.000000e+00 0.000000e+00 5.863800e+24 8.340800e+03 6.255200e+12
1.161294e+07 -2.101674e+07 -6.359829e+06 0.000000e+00 0.000000e+00 0.000000e+00 5.863800e+24 8.340800e+03 6.255200e+12
1.782536e+07 -1.440720e+07 -9.576534e+06 0.000000e+00 0.000000e+00 0.000000e+00 5.863800e+24 8.340800e+03 6.255200e+12
2.286001e+07 -6.545416e+06 -7.180038e+06 0.000000e+00 0.000000e+00 0.000000e+00 5.863800e+24 8.340800e+03 6.255200e+12
2.483052e+07 -6.408840e+05 2.010582e+05 0.000000e+00 0.000000e+00 0.000000e+00 5.863800e+24 8.340800e+03 6.255200e+12
2.289655e+07 4.386037e+05 9.620505e+06 0.000000e+00 0.000000e+00 0.000000e+00 5.863800e+24 8.340800e+03 6.255200e+12
1.802191e+07 -4.298977e+06 1.654402e+07 0.000000e+00 0.000000e+00 0.000000e+00 5.863800e+24 8.340800e+03 6.255200e+12
1.309436e+07 -1.269244e+07 1.686530e+07 0.000000e+00 0.000000e+00 0.000000e+00 5.863800e+24 8.340800e+03 6.255200e+12
1.182763e+07 -1.946326e+07 9.913689e+06 0.000000e+00 0.000000e+00 0.000000e+00 5.863800e+24 8.340800e+03 6.255200e+12
1.606903e+07 -1.891393e+07 1.033173e+06 0.000000e+00 0.000000e+00 0.000000e+00 5.863800e+24 8.340800e+03 6.255200e+12
2.221367e+07 -1.111427e+07 2.038426e+05 0.000000e+00 0.000000e+00 0.000000e+00 5.863800e+24 8.340800e+03 6.255200e+12
2.102430e+07 -8.736293e+06 9.932840e+06 0.000000e+00 0.000000e+00 0.000000e+00 5.863800e+24 8.340800e+03 6.255200e+12
1.988281e+07 -1.309184e+07 7.088316e+06 0.000000e+00 0.000000e+00 0.000000e+00 5.863800e+24 8.340800e+03 6.255200e+12
-1.611817e+06 2.305278e+07 -2.418166e+07 0.000000e+00 0.000000e+00 0.000000e+00 5.849600e+24 5.429800e+03 3.429500e+12
-2.678466e+06 2.700893e+07 -1.954894e+07 0.000000e+00 0.000000e+00 0.000000e+00 5.849600e+24 5.429800e+03 3.429500e+12
-1.016202e+07 2.268992e+07 -2.237620e+07 0.000000e+00 0.000000e+00 0.000000e+00 5.849600e+24 5.429800e+03 3.429500e+12
-7.802817e+06 1.550459e+07 -2.859139e+07 0.000000e+00 0.000000e+00 0.000000e+00 5.849600e+24 5.429800e+03 3.429500e+12
1.805467e+06 1.312082e+07 -3.071436e+07 0.000000e+00 0.000000e+00 0.000000e+00 5.849600e+24 5.429800e+03 3.429500e+12
1.054025e+07 1.699759e+07 -2.680986e+07 0.000000e+00 0.000000e+00 0.000000e+00 5.849600e+24 5.429800e+03 3.429500e+12
1.273528e+07 2.406701e+07 -1.942672e+07 0.000000e+00 0.000000e+00 0.000000e+00 5.849600e+24 5.429800e+03 3.429500e+12
7.484057e+06 3.009069e+07 -1.254226e+07 0.000000e+00 0.000000e+00 0.000000e+00 5.849600e+24 5.429800e+03 3.429500e+12
-2.402291e+06 3.206499e+07 -9.210149e+06 0.000000e+00 0.000000e+00 0.000000e+00 5.849600e+24 5.429800e+03 3.429500e+12
-1.258485e+07 2.915079e+07 -1.051946e+07 0.000000e+00 0.000000e+00 0.000000e+00 5.849600e+24 5.429800e+03 3.429500e+12
-1.920372e+07 2.246943e+07 -1.565578e+07 0.000000e+00 0.000000e+00 0.000000e+00 5.849600e+24 5.429800e+03 3.429500e+12
-2.009574e+07 1.430388e+07 -2.259164e+07 0.000000e+00 0.000000e+00 0.000000e+00 5.849600e+24 5.429800e+03 3.429500e+12
-1.514551e+07 7.145642e+06 -2.895425e+07 0.000000e+00 0.000000e+00 0.000000e+00 5.849600e+24 5.429800e+03 3.429500e+12
-5.956529e+06 2.943302e+06 -3.278189e+07 0.000000e+00 0.000000e+00 0.000000e+00 5.849600e+24 5.429800e+03 3.429500e+12
4.864429e+06 2.656166e+06 -3.298599e+07 0.000000e+00 0.000000e+00 0.000000e+00 5.849600e+24 5.429800e+03 3.429500e+12
1.451681e+07 6.160762e+06 -2.949727e+07 0.000000e+00 0.000000e+00 0.000000e+00 5.849600e+24 5.429800e+03 3.429500e+12
2.070554e+07 1.242963e+07 -2.314223e+07 0.000000e+00 0.000000e+00 0.000000e+00 5.849600e+24 5.429800e+03 3.429500e+12
2.209524e+07 1.988029e+07 -1.534206e+07 0.000000e+00 0.000000e+00 0.000000e+00 5.849600e+24 5.429800e+03 3.429500e+12
1.848808e+07 2.678088e+07 -7.731506e+06 0.000000e+00 0.000000e+00 0.000000e+00 5.849600e+24 5.429800e+03 3.429500e+12
1.073138e+07 3.162906e+07 -1.802317e+06 0.000000e+00 0.000000e+00 0.000000e+00 5.849600e+24 5.429800e+03 3.429500e+12
4.492123e+05 3.341689e+07 1.378606e+06 0.000000e+00 0.000000e+00 0.000000e+00 5.849600e+24 5.429800e+03 3.429500e+12
-1.034710e+07 3.178025e+07 1.328587e+06 0.000000e+00 0.000000e+00 0.000000e+00 5.849600e+24 5.429800e+03 3.429500e+12
-1.965855e+07 2.700011e+07 -1.816050e+06 0.000000e+00 0.000000e+00 0.000000e+00 5.849600e+24 5.429800e+03 3.429500e+12
-2.584854e+07 1.990423e+07 -7.377216e+06 0.000000e+00 0.000000e+00 0.000000e+00 5.849600e+24 5.429800e+03 3.429500e+12
-2.789465e+07 1.167581e+07 -1.429506e+07 0.000000e+00 0.000000e+00 0.000000e+00 5.849600e+24 5.429800e+03 3.429500e+12
-2.550710e+07 3.632730e+06 -2.133046e+07 0.000000e+00 0.000000e+00 0.000000e+00 5.849600e+24 5.429800e+03 3.429500e+12
-1.912182e+07 -2.990927e+06 -2.727981e+07 0.000000e+00 0.000000e+00 0.000000e+00 5.849600e+24 5.429800e+03 3.429500e+12
-9.786563e+06 -7.233333e+06 -3.115533e+07 0.000000e+00 0.000000e+00 0.000000e+00 5.849600e+24 5.429800e+03 3.429500e+12
1.040355e+06 -8.532311e+06 -3.232453e+07 0.000000e+00 0.000000e+00 0.000000e+00 5.849600e+24 5.429800e+03 3.429500e+12
1.173075e+07 -6.784171e+06 -3.058080e+07 0.000000e+00 0.000000e+00 0.000000e+00 5.849600e+24 5.429800e+03 3.429500e+12
2.073074e+07 -2.332618e+06 -2.614588e+07 0.000000e+00 0.000000e+00 0.000000e+00 5.849600e+24 5.429800e+03 3.429500e+12
2.677710e+07 4.105453e+06 -1.961949e+07 0.000000e+00 0.000000e+00 0.000000e+00 5.849600e+24 5.429800e+03 3.429500e+12
2.905378e+07 1.155726e+07 -1.187690e+07 0.000000e+00 0.000000e+00 0.000000e+00 5.849600e+24 5.429800e+03 3.429500e+12
2.728863e+07 1.893913e+07 -3.930702e+06 0.000000e+00 0.000000e+00 0.000000e+00 5.849600e+24 5.429800e+03 3.429500e+12
2.175128e+07 2.520724e+07 3.204105e+06 0.000000e+00 0.000000e+00 0.000000e+00 5.849600e+24 5.429800e+03 3.429500e+12
1.320901e+07 2.948845e+07 8.645830e+06 0.000000e+00 0.000000e+00 0.000000e+00 5.849600e+24 5.429800e+03 3.429500e+12
2.796143e+06 3.119061e+07 1.175343e+07 0.000000e+00 0.000000e+00 0.000000e+00 5.849600e+24 5.429800e+03 3.429500e+12
-8.139342e+06 3.006298e+07 1.219805e+07 0.000000e+00 0.000000e+00 0.000000e+00 5.849600e+24 5.429800e+03 3.429500e+12
-1.821216e+07 2.621518e+07 9.992938e+06 0.000000e+00 0.000000e+00 0.000000e+00 5.849600e+24 5.429800e+03 3.429500e+12
-2.617108e+07 2.009448e+07 5.479523e+06 0.000000e+00 0.000000e+00 0.000000e+00 5.849600e+24 5.429800e+03 3.429500e+12
-3.104949e+07 1.241652e+07 -7.245176e+05 0.000000e+00 0.000000e+00 0.000000e+00 5.849600e+24 5.429800e+03 3.429500e+12
-3.226784e+07 4.071309e+06 -7.808109e+06 0.000000e+00 0.000000e+00 0.000000e+00 5.849600e+24 5.429800e+03 3.429500e+12
-2.969634e+07 -3.984248e+06 -1.486833e+07 0.000000e+00 0.000000e+00 0.000000e+00 5.849600e+24 5.429800e+03 3.429500e+12
-2.365124e+07 -1.084326e+07 -2.101926e+07 0.000000e+00 0.000000e+00 0.000000e+00 5.849600e+24 5.429800e+03 3.429500e+12
-1.485699e+07 -1.575153e+07 -2.549450e+07 0.000000e+00 0.000000e+00 0.000000e+00 5.849600e+24 5.429800e+03 3.429500e+12
-4.342318e+06 -1.819200e+07 -2.773086e+07 0.000000e+00 0.000000e+00 0.000000e+00 5.849600e+24 5.429800e+03 3.429500e+12
6.676196e+06 -1.793750e+07 -2.743100e+07 0.000000e+00 0.000000e+00 0.000000e+00 5.849600e+24 5.429800e+03 3.429500e+12
1.693838e+07 -1.507118e+07 -2.459114e+07 0.000000e+00 0.000000e+00 0.000000e+00 5.849600e+24 5.429800e+03 3.429500e+12
2.528536e+07 -9.970259e+06 -1.949476e+07 0.000000e+00 0.000000e+00 0.000000e+00 5.849600e+24 5.429800e+03 3.429500e+12
3.078113e+07 -3.262566e+06 -1.267481e+07 0.000000e+00 0.000000e+00 0.000000e+00 5.849600e+24 5.429800e+03 3.429500e+12
3.281968e+07 4.251352e+06 -4.857122e+06 0.000000e+00 0.000000e+00 0.000000e+00 5.849600e+24 5.429800e+03 3.429500e+12
3.118305e+07 1.168690e+07 3.131408e+06 0.000000e+00 0.000000e+00 0.000000e+00 5.849600e+24 5.429800e+03 3.429500e+12
2.606399e+07 1.817436e+07 1.044790e+07 0.000000e+00 0.000000e+00 0.000000e+00 5.849600e+24 5.429800e+03 3.429500e+12
1.803703e+07 2.295198e+07 1.632984e+07 0.000000e+00 0.000000e+00 0.000000e+00 5.849600e+24 5.429800e+03 3.429500e+12
7.993695e+06 2.545418e+07 2.017386e+07 0.000000e+00 0.000000e+00 0.000000e+00 5.849600e+24 5.429800e+03 3.429500e+12
-2.955145e+06 2.536095e+07 2.160639e+07 0.000000e+00 0.000000e+00 0.000000e+00 5.849600e+24 5.429800e+03 3.429500e+12
-1.360463e+07 2.264456e+07 2.051655e+07 0.000000e+00 0.000000e+00 0.000000e+00 5.849600e+24 5.429800e+03 3.429500e+12
-2.278315e+07 1.755826e+07 1.707067e+07 0.000000e+00 0.000000e+00 0.000000e+00 5.849600e+24 5.429800e+03 3.429500e+12
-2.948593e+07 1.061622e+07 1.169068e+07 0.000000e+00 0.000000e+00 0.000000e+00 5.849600e+24 5.429800e+03 3.429500e+12
-3.297339e+07 2.535717e+06 5.010580e+06 0.000000e+00 0.000000e+00 0.000000e+00 5.849600e+24 5.429800e+03 3.429500e+12
-3.286126e+07 -5.843136e+06 -2.193775e+06 0.000000e+00 0.000000e+00 0.000000e+00 5.849600e+24 5.429800e+03 3.429500e+12
-2.915457e+07 -1.364620e+07 -9.088315e+06 0.000000e+00 0.000000e+00 0.000000e+00 5.849600e+24 5.429800e+03 3.429500e+12
-2.225399e+07 -2.005920e+07 -1.487085e+07 0.000000e+00 0.000000e+00 0.000000e+00 5.849600e+24 5.429800e+03 3.429500e+12
-1.291167e+07 -2.441979e+07 -1.886102e+07 0.000000e+00 0.000000e+00 0.000000e+00 5.849600e+24 5.429800e+03 3.429500e+12
-2.148417e+06 -2.628825e+07 -2.056821e+07 0.000000e+00 0.000000e+00 0.000000e+00 5.849600e+24 5.429800e+03 3.429500e+12
8.851701e+06 -2.549702e+07 -1.975682e+07 0.000000e+00 0.000000e+00 0.000000e+00 5.849600e+24 5.429800e+03 3.429500e+12
1.887236e+07 -2.217209e+07 -1.646339e+07 0.000000e+00 0.000000e+00 0.000000e+00 5.849600e+24 5.429800e+03 3.429500e+12
2.679852e+07 -1.672041e+07 -1.100327e+07 0.000000e+00 0.000000e+00 0.000000e+00 5.849600e+24 5.429800e+03 3.429500e+12
3.173993e+07 -9.790343e+06 -3.935741e+06 0.000000e+00 0.000000e+00 0.000000e+00 5.849600e+24 5.429800e+03 3.429500e+12
3.313592e+07 -2.202720e+06 3.995588e+06 0.000000e+00 0.000000e+00 0.000000e+00 5.849600e+24 5.429800e+03 3.429500e+12
3.081767e+07 5.141234e+06 1.194216e+07 0.000000e+00 0.000000e+00 0.000000e+00 5.849600e+24 5.429800e+03 3.429500e+12
2.504093e+07 1.135882e+07 1.904497e+07 0.000000e+00 0.000000e+00 0.000000e+00 5.849600e+24 5.429800e+03 3.429500e+12
1.645709e+07 1.568602e+07 2.453318e+07 0.000000e+00 0.000000e+00 0.000000e+00 5.849600e+24 5.429800e+03 3.429500e+12
6.051779e+06 1.756834e+07 2.781276e+07 0.000000e+00 0.000000e+00 0.000000e+00 5.849600e+24 5.429800e+03 3.429500e+12
-4.964719e+06 1.672797e+07 2.853595e+07 0.000000e+00 0.000000e+00 0.000000e+00 5.849600e+24 5.429800e+03 3.429500e+12
-1.529292e+07 1.320397e+07 2.665615e+07 0.000000e+00 0.000000e+00 0.000000e+00 5.849600e+24 5.429800e+03 3.429500e+12
-2.369660e+07 7.355167e+06 2.243163e+07 0.000000e+00 0.000000e+00 0.000000e+00 5.849600e+24 5.429800e+03 3.429500e+12
-2.914701e+07 -1.747007e+05 1.640795e+07 0.000000e+00 0.000000e+00 0.000000e+00 5.849600e+24 5.429800e+03 3.429500e+12
-3.096004e+07 -8.526264e+06 9.357308e+06 0.000000e+00 0.000000e+00 0.000000e+00 5.849600e+24 5.429800e+03 3.429500e+12
-2.888495e+07 -1.672293e+07 2.195916e+06 0.000000e+00 0.000000e+00 0.000000e+00 5.849600e+24 5.429800e+03 3.429500e+12
-2.314979e+07 -2.378731e+07 -4.130273e+06 0.000000e+00 0.000000e+00 0.000000e+00 5.849600e+24 5.429800e+03 3.429500e+12
-1.445255e+07 -2.886479e+07 -8.759853e+06 0.000000e+00 0.000000e+00 0.000000e+00 5.849600e+24 5.429800e+03 3.429500e+12
-3.886604e+06 -3.133676e+07 -1.102998e+07 0.000000e+00 0.000000e+00 0.000000e+00 5.849600e+24 5.429800e+03 3.429500e+12
7.183566e+06 -3.091090e+07 -1.057011e+07 0.000000e+00 0.000000e+00 0.000000e+00 5.849600e+24 5.429800e+03 3.429500e+12
1.729242e+07 -2.766913e+07 -7.362601e+06 0.000000e+00 0.000000e+00 0.000000e+00 5.849600e+24 5.429800e+03 3.429500e+12
2.506487e+07 -2.207886e+07 -1.760740e+06 0.000000e+00 0.000000e+00 0.000000e+00 5.849600e+24 5.429800e+03 3.429500e+12
2.940656e+07 -1.494392e+07 5.541889e+06 0.000000e+00 0.000000e+00 0.000000e+00 5.849600e+24 5.429800e+03 3.429500e+12
2.967492e+07 -7.311574e+06 1.359203e+07 0.000000e+00 0.000000e+00 0.000000e+00 5.849600e+24 5.429800e+03 3.429500e+12
2.579058e+07 -3.308931e+05 2.129645e+07 0.000000e+00 0.000000e+00 0.000000e+00 5.849600e+24 5.429800e+03 3.429500e+12
1.828145e+07 4.903361e+06 2.757715e+07 0.000000e+00 0.000000e+00 0.000000e+00 5.849600e+24 5.429800e+03 3.429500e+12
8.241648e+06 7.520469e+06 3.153204e+07 0.000000e+00 0.000000e+00 0.000000e+00 5.849600e+24 5.429800e+03 3.429500e+12
-2.803828e+06 7.020280e+06 3.258282e+07 0.000000e+00 0.000000e+00 0.000000e+00 5.849600e+24 5.429800e+03 3.429500e+12
-1.310696e+07 3.376966e+06 3.058710e+07 0.000000e+00 0.000000e+00 0.000000e+00 5.849600e+24 5.429800e+03 3.429500e+12
-2.096761e+07 -2.923269e+06 2.589642e+07 0.000000e+00 0.000000e+00 0.000000e+00 5.849600e+24 5.429800e+03 3.429500e+12
-2.501699e+07 -1.092515e+07 1.932845e+07 0.000000e+00 0.000000e+00 0.000000e+00 5.849600e+24 5.429800e+03 3.429500e+12
-2.448279e+07 -1.933097e+07 1.206954e+07 0.000000e+00 0.000000e+00 0.000000e+00 5.849600e+24 5.429800e+03 3.429500e+12
-1.937759e+07 -2.670529e+07 5.490484e+06 0.000000e+00 0.000000e+00 0.000000e+00 5.849600e+24 5.429800e+03 3.429500e+12
-1.056444e+07 -3.172355e+07 9.103686e+05 0.000000e+00 0.000000e+00 0.000000e+00 5.849600e+24 5.429800e+03 3.429500e+12
3.212043e+05 -3.343956e+07 -6.613704e+05 0.000000e+00 0.000000e+00 0.000000e+00 5.849600e+24 5.429800e+03 3.429500e+12
1.112498e+07 -3.151944e+07 1.240354e+06 0.000000e+00 0.000000e+00 0.000000e+00 5.849600e+24 5.429800e+03 3.429500e+12
1.956405e+07 -2.636889e+07 6.378602e+06 0.000000e+00 0.000000e+00 0.000000e+00 5.849600e+24 5.429800e+03 3.429500e+12
2.371549e+07 -1.914198e+07 1.378228e+07 0.000000e+00 0.000000e+00 0.000000e+00 5.849600e+24 5.429800e+03 3.429500e+12
2.250345e+07 -1.156444e+07 2.187853e+07 0.000000e+00 0.000000e+00 0.000000e+00 5.849600e+24 5.429800e+03 3.429500e+12
1.608415e+07 -5.594175e+06 2.878920e+07 0.000000e+00 0.000000e+00 0.000000e+00 5.849600e+24 5.429800e+03 3.429500e+12
5.990169e+06 -2.947837e+06 3.277559e+07 0.000000e+00 0.000000e+00 0.000000e+00 5.849600e+24 5.429800e+03 3.429500e+12
-5.069922e+06 -4.585231e+06 3.274283e+07 0.000000e+00 0.000000e+00 0.000000e+00 5.849600e+24 5.429800e+03 3.429500e+12
-1.380118e+07 -1.028751e+07 2.867832e+07 0.000000e+00 0.000000e+00 0.000000e+00 5.849600e+24 5.429800e+03 3.429500e+12
-1.726596e+07 -1.849186e+07 2.187853e+07 0.000000e+00 0.000000e+00 0.000000e+00 5.849600e+24 5.429800e+03 3.429500e+12
-1.399772e+07 -2.654150e+07 1.477761e+07 0.000000e+00 0.000000e+00 0.000000e+00 5.849600e+24 5.429800e+03 3.429500e+12
-4.928055e+06 -3.144133e+07 1.029406e+07 0.000000e+00 0.000000e+00 0.000000e+00 5.849600e+24 5.429800e+03 3.429500e+12
6.322284e+06 -3.105075e+07 1.070643e+07 0.000000e+00 0.000000e+00 0.000000e+00 5.849600e+24 5.429800e+03 3.429500e+12
1.434546e+07 -2.542647e+07 1.632480e+07 0.000000e+00 0.000000e+00 0.000000e+00 5.849600e+24 5.429800e+03 3.429500e+12
1.432656e+07 -1.762756e+07 2.455208e+07 0.000000e+00 0.000000e+00 0.000000e+00 5.849600e+24 5.429800e+03 3.429500e+12
5.603499e+06 -1.305908e+07 3.027968e+07 0.000000e+00 0.000000e+00 0.000000e+00 5.849600e+24 5.429800e+03 3.429500e+12
-5.304898e+06 -1.626306e+07 2.874258e+07 0.000000e+00 0.000000e+00 0.000000e+00 5.849600e+24 5.429800e+03 3.429500e+12
-6.382130e+06 -2.503841e+07 2.123975e+07 0.000000e+00 0.000000e+00 0.000000e+00 5.849600e+24 5.429800e+03 3.429500e+12
5.260422e+06 -2.611060e+07 2.023307e+07 0.000000e+00 0.000000e+00 0.000000e+00 5.849600e+24 5.429800e+03 3.429500e+12
1.611817e+06 -2.305278e+07 2.418166e+07 0.000000e+00 0.000000e+00 0.000000e+00 5.849600e+24 5.429800e+03 3.429500e+12
-2.074334e+07 3.126746e+07 2.191003e+07 0.000000e+00 0.000000e+00 0.000000e+00 5.849000e+24 2.960800e+03 1.467100e+12
-1.581705e+07 3.600728e+07 1.847422e+07 0.000000e+00 0.000000e+00 0.000000e+00 5.849000e+24 2.960800e+03 1.467100e+12
-1.166901e+07 3.128510e+07 2.780394e+07 0.000000e+00 0.000000e+00 0.000000e+00 5.849000e+24 2.960800e+03 1.467100e+12
-1.911048e+07 2.260676e+07 3.180797e+07 0.000000e+00 0.000000e+00 0.000000e+00 5.849000e+24 2.960800e+03 1.467100e+12
-2.942420e+07 1.920498e+07 2.556128e+07 0.000000e+00 0.000000e+00 0.000000e+00 5.849000e+24 2.960800e+03 1.467100e+12
-3.380116e+07 2.327704e+07 1.427113e+07 0.000000e+00 0.000000e+00 0.000000e+00 5.849000e+24 2.960800e+03 1.467100e+12
-2.943428e+07 3.151944e+07 5.307291e+06 0.000000e+00 0.000000e+00 0.000000e+00 5.849000e+24 2.960800e+03 1.467100e+12
-1.891645e+07 3.897944e+07 3.283102e+06 0.000000e+00 0.000000e+00 0.000000e+00 5.849000e+24 2.960800e+03 1.467100e+12
-7.319763e+06 4.193647e+07 8.707314e+06 0.000000e+00 0.000000e+00 0.000000e+00 5.849000e+24 2.960800e+03 1.467100e+12
6.100160e+05 3.912685e+07 1.888748e+07 0.000000e+00 0.000000e+00 0.000000e+00 5.849000e+24 2.960800e+03 1.467100e+12
2.156103e+06 3.162906e+07 2.971398e+07 0.000000e+00 0.000000e+00 0.000000e+00 5.849000e+24 2.960800e+03 1.467100e+12
-2.885597e+06 2.198562e+07 3.736800e+07 0.000000e+00 0.000000e+00 0.000000e+00 5.849000e+24 2.960800e+03 1.467100e+12
-1.263701e+07 1.312208e+07 3.944813e+07 0.000000e+00 0.000000e+00 0.000000e+00 5.849000e+24 2.960800e+03 1.467100e+12
-2.404937e+07 7.440212e+06 3.541638e+07 0.000000e+00 0.000000e+00 0.000000e+00 5.849000e+24 2.960800e+03 1.467100e+12
-3.391581e+07 6.254248e+06 2.643188e+07 0.000000e+00 0.000000e+00 0.000000e+00 5.849000e+24 2.960800e+03 1.467100e+12
-3.970137e+07 9.629199e+06 1.480155e+07 0.000000e+00 0.000000e+00 0.000000e+00 5.849000e+24 2.960800e+03 1.467100e+12
-4.004659e+07 1.653898e+07 3.278315e+06 0.000000e+00 0.000000e+00 0.000000e+00 5.849000e+24 2.960800e+03 1.467100e+12
-3.492123e+07 2.523874e+07 -5.619374e+06 0.000000e+00 0.000000e+00 0.000000e+00 5.849000e+24 2.960800e+03 1.467100e+12
-2.546678e+07 3.372305e+07 -1.011200e+07 0.000000e+00 0.000000e+00 0.000000e+00 5.849000e+24 2.960800e+03 1.467100e+12
-1.363487e+07 4.016376e+07 -9.436557e+06 0.000000e+00 0.000000e+00 0.000000e+00 5.849000e+24 2.960800e+03 1.467100e+12
-1.718532e+06 4.324301e+07 -3.886604e+06 0.000000e+00 0.000000e+00 0.000000e+00 5.849000e+24 2.960800e+03 1.467100e+12
8.104946e+06 4.235225e+07 5.348869e+06 0.000000e+00 0.000000e+00 0.000000e+00 5.849000e+24 2.960800e+03 1.467100e+12
1.415647e+07 3.762880e+07 1.648229e+07 0.000000e+00 0.000000e+00 0.000000e+00 5.849000e+24 2.960800e+03 1.467100e+12
1.549829e+07 2.987021e+07 2.748770e+07 0.000000e+00 0.000000e+00 0.000000e+00 5.849000e+24 2.960800e+03 1.467100e+12
1.202721e+07 2.034269e+07 3.646338e+07 0.000000e+00 0.000000e+00 0.000000e+00 5.849000e+24 2.960800e+03 1.467100e+12
4.428496e+06 1.054138e+07 4.192009e+07 0.000000e+00 0.000000e+00 0.000000e+00 5.849000e+24 2.960800e+03 1.467100e+12
-5.994704e+06 1.938893e+06 4.299229e+07 0.000000e+00 0.000000e+00 0.000000e+00 5.849000e+24 2.960800e+03 1.467100e+12
-1.756078e+07 -4.236359e+06 3.951868e+07 0.000000e+00 0.000000e+00 0.000000e+00 5.849000e+24 2.960800e+03 1.467100e+12
-2.848556e+07 -7.165549e+06 3.201963e+07 0.000000e+00 0.000000e+00 0.000000e+00 5.849000e+24 2.960800e+03 1.467100e+12
-3.714373e+07 -6.530675e+06 2.158119e+07 0.000000e+00 0.000000e+00 0.000000e+00 5.849000e+24 2.960800e+03 1.467100e+12
-4.228799e+07 -2.528914e+06 9.664224e+06 0.000000e+00 0.000000e+00 0.000000e+00 5.849000e+24 2.960800e+03 1.467100e+12
-4.319765e+07 4.184576e+06 -2.114022e+06 0.000000e+00 0.000000e+00 0.000000e+00 5.849000e+24 2.960800e+03 1.467100e+12
-3.974925e+07 1.260929e+07 -1.220788e+07 0.000000e+00 0.000000e+00 0.000000e+00 5.849000e+24 2.960800e+03 1.467100e+12
-3.239635e+07 2.155095e+07 -1.934105e+07 0.000000e+00 0.000000e+00 0.000000e+00 5.849000e+24 2.960800e+03 1.467100e+12
-2.208642e+07 2.977949e+07 -2.265968e+07 0.000000e+00 0.000000e+00 0.000000e+00 5.849000e+24 2.960800e+03 1.467100e+12
-1.011616e+07 3.619123e+07 -2.181427e+07 0.000000e+00 0.000000e+00 0.000000e+00 5.849000e+24 2.960800e+03 1.467100e+12
2.044474e+06 3.994076e+07 -1.698752e+07 0.000000e+00 0.000000e+00 0.000000e+00 5.849000e+24 2.960800e+03 1.467100e+12
1.293939e+07 4.052662e+07 -8.844268e+06 0.000000e+00 0.000000e+00 0.000000e+00 5.849000e+24 2.960800e+03 1.467100e+12
2.129771e+07 3.784173e+07 1.565200e+06 0.000000e+00 0.000000e+00 0.000000e+00 5.849000e+24 2.960800e+03 1.467100e+12
2.618242e+07 3.217082e+07 1.294569e+07 0.000000e+00 0.000000e+00 0.000000e+00 5.849000e+24 2.960800e+03 1.467100e+12
2.707822e+07 2.414135e+07 2.391582e+07 0.000000e+00 0.000000e+00 0.000000e+00 5.849000e+24 2.960800e+03 1.467100e+12
2.394480e+07 1.464154e+07 3.317120e+07 0.000000e+00 0.000000e+00 0.000000e+00 5.849000e+24 2.960800e+03 1.467100e+12
1.720044e+07 4.708829e+06 3.962326e+07 0.000000e+00 0.000000e+00 0.000000e+00 5.849000e+24 2.960800e+03 1.467100e+12
7.660194e+06 -4.589010e+06 4.252360e+07 0.000000e+00 0.000000e+00 0.000000e+00 5.849000e+24 2.960800e+03 1.467100e+12
-3.561041e+06 -1.227289e+07 4.152952e+07 0.000000e+00 0.000000e+00 0.000000e+00 5.849000e+24 2.960800e+03 1.467100e+12
-1.518331e+07 -1.755700e+07 3.673174e+07 0.000000e+00 0.000000e+00 0.000000e+00 5.849000e+24 2.960800e+03 1.467100e+12
-2.590146e+07 -1.993069e+07 2.863423e+07 0.000000e+00 0.000000e+00 0.000000e+00 5.849000e+24 2.960800e+03 1.467100e+12
-3.452814e+07 -1.919994e+07 1.808869e+07 0.000000e+00 0.000000e+00 0.000000e+00 5.849000e+24 2.960800e+03 1.467100e+12
-4.011337e+07 -1.550837e+07 6.197426e+06 0.000000e+00 0.000000e+00 0.000000e+00 5.849000e+24 2.960800e+03 1.467100e+12
-4.204231e+07 -9.310817e+06 -5.809118e+06 0.000000e+00 0.000000e+00 0.000000e+00 5.849000e+24 2.960800e+03 1.467100e+12
-4.009069e+07 -1.318759e+06 -1.670277e+07 0.000000e+00 0.000000e+00 0.000000e+00 5.849000e+24 2.960800e+03 1.467100e+12
-3.444246e+07 7.576535e+06 -2.538489e+07 0.000000e+00 0.000000e+00 0.000000e+00 5.849000e+24 2.960800e+03 1.467100e+12
-2.565829e+07 1.639913e+07 -3.099532e+07 0.000000e+00 0.000000e+00 0.000000e+00 5.849000e+24 2.960800e+03 1.467100e+12
-1.462264e+07 2.419048e+07 -3.300111e+07 0.000000e+00 0.000000e+00 0.000000e+00 5.849000e+24 2.960800e+03 1.467100e+12
-2.436183e+06 3.010455e+07 -3.123848e+07 0.000000e+00 0.000000e+00 0.000000e+00 5.849000e+24 2.960800e+03 1.467100e+12
9.687785e+06 3.349248e+07 -2.593170e+07 0.000000e+00 0.000000e+00 0.000000e+00 5.849000e+24 2.960800e+03 1.467100e+12
2.055183e+07 3.396747e+07 -1.765905e+07 0.000000e+00 0.000000e+00 0.000000e+00 5.849000e+24 2.960800e+03 1.467100e+12
2.909410e+07 3.143755e+07 -7.297589e+06 0.000000e+00 0.000000e+00 0.000000e+00 5.849000e+24 2.960800e+03 1.467100e+12
3.449034e+07 2.611186e+07 4.074081e+06 0.000000e+00 0.000000e+00 0.000000e+00 5.849000e+24 2.960800e+03 1.467100e+12
3.623533e+07 1.848178e+07 1.527906e+07 0.000000e+00 0.000000e+00 0.000000e+00 5.849000e+24 2.960800e+03 1.467100e+12
3.419048e+07 9.261806e+06 2.516440e+07 0.000000e+00 0.000000e+00 0.000000e+00 5.849000e+24 2.960800e+03 1.467100e+12
2.859517e+07 -6.732388e+05 3.270881e+07 0.000000e+00 0.000000e+00 0.000000e+00 5.849000e+24 2.960800e+03 1.467100e+12
2.004156e+07 -1.038225e+07 3.712987e+07 0.000000e+00 0.000000e+00 0.000000e+00 5.849000e+24 2.960800e+03 1.467100e+12
9.411610e+06 -1.894795e+07 3.795260e+07 0.000000e+00 0.000000e+00 0.000000e+00 5.849000e+24 2.960800e+03 1.467100e+12
-2.204232e+06 -2.556632e+07 3.506486e+07 0.000000e+00 0.000000e+00 0.000000e+00 5.849000e+24 2.960800e+03 1.467100e+12
-1.361975e+07 -2.962830e+07 2.871738e+07 0.000000e+00 0.000000e+00 0.000000e+00 5.849000e+24 2.960800e+03 1.467100e+12
-2.367014e+07 -3.077735e+07 1.950736e+07 0.000000e+00 0.000000e+00 0.000000e+00 5.849000e+24 2.960800e+03 1.467100e+12
-3.132164e+07 -2.894543e+07 8.312959e+06 0.000000e+00 0.000000e+00 0.000000e+00 5.849000e+24 2.960800e+03 1.467100e+12
-3.578050e+07 -2.436183e+07 -3.785055e+06 0.000000e+00 0.000000e+00 0.000000e+00 5.849000e+24 2.960800e+03 1.467100e+12
-3.656417e+07 -1.752802e+07 -1.561546e+07 0.000000e+00 0.000000e+00 0.000000e+00 5.849000e+24 2.960800e+03 1.467100e+12
-3.355926e+07 -9.171721e+06 -2.603123e+07 0.000000e+00 0.000000e+00 0.000000e+00 5.849000e+24 2.960800e+03 1.467100e+12
-2.702909e+07 -1.770693e+05 -3.402039e+07 0.000000e+00 0.000000e+00 0.000000e+00 5.849000e+24 2.960800e+03 1.467100e+12
-1.758976e+07 8.505349e+06 -3.881061e+07 0.000000e+00 0.000000e+00 0.000000e+00 5.849000e+24 2.960800e+03 1.467100e+12
-6.156226e+06 1.595060e+07 -3.994580e+07 0.000000e+00 0.000000e+00 0.000000e+00 5.849000e+24 2.960800e+03 1.467100e+12
6.152824e+06 2.135314e+07 -3.733902e+07 0.000000e+00 0.000000e+00 0.000000e+00 5.849000e+24 2.960800e+03 1.467100e+12
1.812018e+07 2.410985e+07 -3.127880e+07 0.000000e+00 0.000000e+00 0.000000e+00 5.849000e+24 2.960800e+03 1.467100e+12
2.855485e+07 2.388306e+07 -2.241022e+07 0.000000e+00 0.000000e+00 0.000000e+00 5.849000e+24 2.960800e+03 1.467100e+12
3.641424e+07 2.063499e+07 -1.167178e+07 0.000000e+00 0.000000e+00 0.000000e+00 5.849000e+24 2.960800e+03 1.467100e+12
4.090964e+07 1.464280e+07 -2.014614e+05 0.000000e+00 0.000000e+00 0.000000e+00 5.849000e+24 2.960800e+03 1.467100e+12
4.159377e+07 6.470577e+06 1.077384e+07 0.000000e+00 0.000000e+00 0.000000e+00 5.849000e+24 2.960800e+03 1.467100e+12
3.841625e+07 -3.085295e+06 2.006676e+07 0.000000e+00 0.000000e+00 0.000000e+00 5.849000e+24 2.960800e+03 1.467100e+12
3.173111e+07 -1.307168e+07 2.665111e+07 0.000000e+00 0.000000e+00 0.000000e+00 5.849000e+24 2.960800e+03 1.467100e+12
2.226658e+07 -2.247951e+07 2.978075e+07 0.000000e+00 0.000000e+00 0.000000e+00 5.849000e+24 2.960800e+03 1.467100e+12
1.106437e+07 -3.034520e+07 2.906512e+07 0.000000e+00 0.000000e+00 0.000000e+00 5.849000e+24 2.960800e+03 1.467100e+12
-6.356554e+05 -3.586239e+07 2.452436e+07 0.000000e+00 0.000000e+00 0.000000e+00 5.849000e+24 2.960800e+03 1.467100e+12
-1.151832e+07 -3.846665e+07 1.660198e+07 0.000000e+00 0.000000e+00 0.000000e+00 5.849000e+24 2.960800e+03 1.467100e+12
-2.033765e+07 -3.790724e+07 6.117421e+06 0.000000e+00 0.000000e+00 0.000000e+00 5.849000e+24 2.960800e+03 1.467100e+12
-2.605895e+07 -3.428245e+07 -5.807984e+06 0.000000e+00 0.000000e+00 0.000000e+00 5.849000e+24 2.960800e+03 1.467100e+12
-2.797529e+07 -2.803828e+07 -1.786946e+07 0.000000e+00 0.000000e+00 0.000000e+00 5.849000e+24 2.960800e+03 1.467100e+12
-2.580570e+07 -1.993069e+07 -2.871990e+07 0.000000e+00 0.000000e+00 0.000000e+00 5.849000e+24 2.960800e+03 1.467100e+12
-1.973666e+07 -1.094808e+07 -3.712987e+07 0.000000e+00 0.000000e+00 0.000000e+00 5.849000e+24 2.960800e+03 1.467100e+12
-1.041967e+07 -2.201460e+06 -4.212672e+07 0.000000e+00 0.000000e+00 0.000000e+00 5.849000e+24 2.960800e+03 1.467100e+12
1.093473e+06 5.200576e+06 -4.312584e+07 0.000000e+00 0.000000e+00 0.000000e+00 5.849000e+24 2.960800e+03 1.467100e+12
1.345722e+07 1.028650e+07 -4.001383e+07 0.000000e+00 0.000000e+00 0.000000e+00 5.849000e+24 2.960800e+03 1.467100e+12
2.518582e+07 1.234647e+07 -3.318506e+07 0.000000e+00 0.000000e+00 0.000000e+00 5.849000e+24 2.960800e+03 1.467100e+12
3.483808e+07 1.103250e+07 -2.350887e+07 0.000000e+00 0.000000e+00 0.000000e+00 5.849000e+24 2.960800e+03 1.467100e+12
4.119312e+07 6.419172e+06 -1.224353e+07 0.000000e+00 0.000000e+00 0.000000e+00 5.849000e+24 2.960800e+03 1.467100e+12
4.343074e+07 -9.857370e+05 -8.941030e+05 0.000000e+00 0.000000e+00 0.000000e+00 5.849000e+24 2.960800e+03 1.467100e+12
4.125108e+07 -1.028637e+07 8.978071e+06 0.000000e+00 0.000000e+00 0.000000e+00 5.849000e+24 2.960800e+03 1.467100e+12
3.494517e+07 -2.029985e+07 1.596194e+07 0.000000e+00 0.000000e+00 0.000000e+00 5.849000e+24 2.960800e+03 1.467100e+12
2.539371e+07 -2.970138e+07 1.899961e+07 0.000000e+00 0.000000e+00 0.000000e+00 5.849000e+24 2.960800e+03 1.467100e+12
1.397000e+07 -3.720925e+07 1.756078e+07 0.000000e+00 0.000000e+00 0.000000e+00 5.849000e+24 2.960800e+03 1.467100e+12
2.372809e+06 -4.176512e+07 1.174914e+07 0.000000e+00 0.000000e+00 0.000000e+00 5.849000e+24 2.960800e+03 1.467100e+12
-7.601230e+06 -4.271762e+07 2.329468e+06 0.000000e+00 0.000000e+00 0.000000e+00 5.849000e+24 2.960800e+03 1.467100e+12
-1.433286e+07 -3.994202e+07 -9.340929e+06 0.000000e+00 0.000000e+00 0.000000e+00 5.849000e+24 2.960800e+03 1.467100e+12
-1.664482e+07 -3.390196e+07 -2.148543e+07 0.000000e+00 0.000000e+00 0.000000e+00 5.849000e+24 2.960800e+03 1.467100e+12
-1.403426e+07 -2.562175e+07 -3.216452e+07 0.000000e+00 0.000000e+00 0.000000e+00 5.849000e+24 2.960800e+03 1.467100e+12
-6.806220e+06 -1.655914e+07 -3.959176e+07 0.000000e+00 0.000000e+00 0.000000e+00 5.849000e+24 2.960800e+03 1.467100e+12
3.901094e+06 -8.384523e+06 -4.245556e+07 0.000000e+00 0.000000e+00 0.000000e+00 5.849000e+24 2.960800e+03 1.467100e+12
1.624920e+07 -2.703791e+06 -4.020786e+07 0.000000e+00 0.000000e+00 0.000000e+00 5.849000e+24 2.960800e+03 1.467100e+12
2.797655e+07 -7.437188e+05 -3.323798e+07 0.000000e+00 0.000000e+00 0.000000e+00 5.849000e+24 2.960800e+03 1.467100e+12
3.679977e+07 -3.071310e+06 -2.290033e+07 0.000000e+00 0.000000e+00 0.000000e+00 5.849000e+24 2.960800e+03 1.467100e+12
4.087814e+07 -9.401153e+06 -1.134143e+07 0.000000e+00 0.000000e+00 0.000000e+00 5.849000e+24 2.960800e+03 1.467100e+12
3.927552e+07 -1.855360e+07 -1.134697e+06 0.000000e+00 0.000000e+00 0.000000e+00 5.849000e+24 2.960800e+03 1.467100e+12
3.228296e+07 -2.860525e+07 5.253871e+06 0.000000e+00 0.000000e+00 0.000000e+00 5.849000e+24 2.960800e+03 1.467100e+12
2.153205e+07 -3.724957e+07 6.075213e+06 0.000000e+00 0.000000e+00 0.000000e+00 5.849000e+24 2.960800e+03 1.467100e+12
9.774090e+06 -4.232957e+07 8.571621e+05 0.000000e+00 0.000000e+00 0.000000e+00 5.849000e+24 2.960800e+03 1.467100e+12
3.193018e+05 -4.245430e+07 -9.252356e+06 0.000000e+00 0.000000e+00 0.000000e+00 5.849000e+24 2.960800e+03 1.467100e+12
-3.840365e+06 -3.754943e+07 -2.152575e+07 0.000000e+00 0.000000e+00 0.000000e+00 5.849000e+24 2.960800e+03 1.467100e+12
-1.049136e+06 -2.914827e+07 -3.220736e+07 0.000000e+00 0.000000e+00 0.000000e+00 5.849000e+24 2.960800e+03 1.467100e+12
8.133420e+06 -2.022047e+07 -3.758974e+07 0.000000e+00 0.000000e+00 0.000000e+00 5.849000e+24 2.960800e+03 1.467100e+12
2.058711e+07 -1.438956e+07 -3.545544e+07 0.000000e+00 0.000000e+00 0.000000e+00 5.849000e+24 2.960800e+03 1.467100e+12
3.123974e+07 -1.456469e+07 -2.645708e+07 0.000000e+00 0.000000e+00 0.000000e+00 5.849000e+24 2.960800e+03 1.467100e+12
3.489477e+07 -2.128133e+07 -1.474864e+07 0.000000e+00 0.000000e+00 0.000000e+00 5.849000e+24 2.960800e+03 1.467100e+12
2.913441e+07 -3.146779e+07 -7.001885e+06 0.000000e+00 0.000000e+00 0.000000e+00 5.849000e+24 2.960800e+03 1.467100e+12
1.728108e+07 -3.882321e+07 -9.062234e+06 0.000000e+00 0.000000e+00 0.000000e+00 5.849000e+24 2.960800e+03 1.467100e+12
9.000372e+06 -3.724327e+07 -2.049262e+07 0.000000e+00 0.000000e+00 0.000000e+00 5.849000e+24 2.960800e+03 1.467100e+12
1.438326e+07 -2.794127e+07 -3.000754e+07 0.000000e+00 0.000000e+00 0.000000e+00 5.849000e+24 2.960800e+03 1.467100e+12
2.653268e+07 -2.627313e+07 -2.222123e+07 0.000000e+00 0.000000e+00 0.000000e+00 5.849000e+24 2.960800e+03 1.467100e+12
2.074334e+07 -3.126746e+07 -2.191003e+07 0.000000e+00 0.000000e+00 0.000000e+00 5.849000e+24 2.960800e+03 1.467100e+12
-1.144827e+07 -3.643566e+06 -5.476751e+07 0.000000e+00 0.000000e+00 0.000000e+00 5.841000e+24 1.203300e+03 4.157900e+11
-1.150925e+06 -4.729870e+06 -5.585734e+07 0.000000e+00 0.000000e+00 0.000000e+00 5.841000e+24 1.203300e+03 4.157900e+11
-5.619248e+06 9.877277e+06 -5.490610e+07 0.000000e+00 0.000000e+00 0.000000e+00 5.841000e+24 1.203300e+03 4.157900e+11
-2.151567e+07 1.074095e+07 -5.065009e+07 0.000000e+00 0.000000e+00 0.000000e+00 5.841000e+24 1.203300e+03 4.157900e+11
-3.068916e+07 -3.105201e+06 -4.682245e+07 0.000000e+00 0.000000e+00 0.000000e+00 5.841000e+24 1.203300e+03 4.157900e+11
-2.568853e+07 -1.971650e+07 -4.577293e+07 0.000000e+00 0.000000e+00 0.000000e+00 5.841000e+24 1.203300e+03 4.157900e+11
-1.027604e+07 -2.804710e+07 -4.744989e+07 0.000000e+00 0.000000e+00 0.000000e+00 5.841000e+24 1.203300e+03 4.157900e+11
6.740326e+06 -2.384401e+07 -5.029731e+07 0.000000e+00 0.000000e+00 0.000000e+00 5.841000e+24 1.203300e+03 4.157900e+11
1.730250e+07 -9.586487e+06 -5.246437e+07 0.000000e+00 0.000000e+00 0.000000e+00 5.841000e+24 1.203300e+03 4.157900e+11
1.730502e+07 8.378601e+06 -5.266974e+07 0.000000e+00 0.000000e+00 0.000000e+00 5.841000e+24 1.203300e+03 4.157900e+11
7.192889e+06 2.316617e+07 -5.055055e+07 0.000000e+00 0.000000e+00 0.000000e+00 5.841000e+24 1.203300e+03 4.157900e+11
-9.161894e+06 2.982737e+07 -4.658432e+07 0.000000e+00 0.000000e+00 0.000000e+00 5.841000e+24 1.203300e+03 4.157900e+11
-2.634999e+07 2.652638e+07 -4.178276e+07 0.000000e+00 0.000000e+00 0.000000e+00 5.841000e+24 1.203300e+03 4.157900e+11
-3.926544e+07 1.452815e+07 -3.729492e+07 0.000000e+00 0.000000e+00 0.000000e+00 5.841000e+24 1.203300e+03 4.157900e+11
-4.444372e+07 -2.648228e+06 -3.407960e+07 0.000000e+00 0.000000e+00 0.000000e+00 5.841000e+24 1.203300e+03 4.157900e+11
-4.070049e+07 -2.046364e+07 -3.268739e+07 0.000000e+00 0.000000e+00 0.000000e+00 5.841000e+24 1.203300e+03 4.157900e+11
-2.909410e+07 -3.458483e+07 -3.318506e+07 0.000000e+00 0.000000e+00 0.000000e+00 5.841000e+24 1.203300e+03 4.157900e+11
-1.240569e+07 -4.184198e+07 -3.520093e+07 0.000000e+00 0.000000e+00 0.000000e+00 5.841000e+24 1.203300e+03 4.157900e+11
5.669645e+06 -4.077986e+07 -3.805970e+07 0.000000e+00 0.000000e+00 0.000000e+00 5.841000e+24 1.203300e+03 4.157900e+11
2.138716e+07 -3.176387e+07 -4.095625e+07 0.000000e+00 0.000000e+00 0.000000e+00 5.841000e+24 1.203300e+03 4.157900e+11
3.169709e+07 -1.671789e+07 -4.312206e+07 0.000000e+00 0.000000e+00 0.000000e+00 5.841000e+24 1.203300e+03 4.157900e+11
3.475492e+07 1.388685e+06 -4.397628e+07 0.000000e+00 0.000000e+00 0.000000e+00 5.841000e+24 1.203300e+03 4.157900e+11
3.014739e+07 1.918356e+07 -4.320773e+07 0.000000e+00 0.000000e+00 0.000000e+00 5.841000e+24 1.203300e+03 4.157900e+11
1.884464e+07 3.351642e+07 -4.080884e+07 0.000000e+00 0.000000e+00 0.000000e+00 5.841000e+24 1.203300e+03 4.157900e+11
2.917599e+06 4.198057e+07 -3.705302e+07 0.000000e+00 0.000000e+00 0.000000e+00 5.841000e+24 1.203300e+03 4.157900e+11
-1.488093e+07 4.325309e+07 -3.242659e+07 0.000000e+00 0.000000e+00 0.000000e+00 5.841000e+24 1.203300e+03 4.157900e+11
-3.161394e+07 3.722815e+07 -2.753809e+07 0.000000e+00 0.000000e+00 0.000000e+00 5.841000e+24 1.203300e+03 4.157900e+11
-4.462766e+07 2.495148e+07 -2.301120e+07 0.000000e+00 0.000000e+00 0.000000e+00 5.841000e+24 1.203300e+03 4.157900e+11
-5.193521e+07 8.387924e+06 -1.939270e+07 0.000000e+00 0.000000e+00 0.000000e+00 5.841000e+24 1.203300e+03 4.157900e+11
-5.247571e+07 -9.928808e+06 -1.707067e+07 0.000000e+00 0.000000e+00 0.000000e+00 5.841000e+24 1.203300e+03 4.157900e+11
-4.620886e+07 -2.729241e+07 -1.623660e+07 0.000000e+00 0.000000e+00 0.000000e+00 5.841000e+24 1.203300e+03 4.157900e+11
-3.406701e+07 -4.121832e+07 -1.685774e+07 0.000000e+00 0.000000e+00 0.000000e+00 5.841000e+24 1.203300e+03 4.157900e+11
-1.777875e+07 -4.977822e+07 -1.870353e+07 0.000000e+00 0.000000e+00 0.000000e+00 5.841000e+24 1.203300e+03 4.157900e+11
4.111878e+05 -5.183063e+07 -2.137960e+07 0.000000e+00 0.000000e+00 0.000000e+00 5.841000e+24 1.203300e+03 4.157900e+11
1.805845e+07 -4.714499e+07 -2.439081e+07 0.000000e+00 0.000000e+00 0.000000e+00 5.841000e+24 1.203300e+03 4.157900e+11
3.285622e+07 -3.638526e+07 -2.721051e+07 0.000000e+00 0.000000e+00 0.000000e+00 5.841000e+24 1.203300e+03 4.157900e+11
4.291795e+07 -2.098776e+07 -2.934860e+07 0.000000e+00 0.000000e+00 0.000000e+00 5.841000e+24 1.203300e+03 4.157900e+11
4.701017e+07 -2.954263e+06 -3.041449e+07 0.000000e+00 0.000000e+00 0.000000e+00 5.841000e+24 1.203300e+03 4.157900e+11
4.467932e+07 1.542395e+07 -3.015999e+07 0.000000e+00 0.000000e+00 0.000000e+00 5.841000e+24 1.203300e+03 4.157900e+11
3.627691e+07 3.185962e+07 -2.850697e+07 0.000000e+00 0.000000e+00 0.000000e+00 5.841000e+24 1.203300e+03 4.157900e+11
2.289781e+07 4.434544e+07 -2.555120e+07 0.000000e+00 0.000000e+00 0.000000e+00 5.841000e+24 1.203300e+03 4.157900e+11
6.221490e+06 5.138966e+07 -2.154465e+07 0.000000e+00 0.000000e+00 0.000000e+00 5.841000e+24 1.203300e+03 4.157900e+11
-1.170555e+07 5.217711e+07 -1.685900e+07 0.000000e+00 0.000000e+00 0.000000e+00 5.841000e+24 1.203300e+03 4.157900e+11
-2.871738e+07 4.665110e+07 -1.194607e+07 0.000000e+00 0.000000e+00 0.000000e+00 5.841000e+24 1.203300e+03 4.157900e+11
-4.278818e+07 3.549702e+07 -7.272894e+06 0.000000e+00 0.000000e+00 0.000000e+00 5.841000e+24 1.203300e+03 4.157900e+11
-5.226027e+07 2.004660e+07 -3.275417e+06 0.000000e+00 0.000000e+00 0.000000e+00 5.841000e+24 1.203300e+03 4.157900e+11
-5.602869e+07 2.116415e+06 -3.051781e+05 0.000000e+00 0.000000e+00 0.000000e+00 5.841000e+24 1.203300e+03 4.157900e+11
-5.365500e+07 -1.621644e+07 1.407962e+06 0.000000e+00 0.000000e+00 0.000000e+00 5.841000e+24 1.203300e+03 4.157900e+11
-4.540503e+07 -3.284740e+07 1.779638e+06 0.000000e+00 0.000000e+00 0.000000e+00 5.841000e+24 1.203300e+03 4.157900e+11
-3.220988e+07 -4.588506e+07 8.785555e+05 0.000000e+00 0.000000e+00 0.000000e+00 5.841000e+24 1.203300e+03 4.157900e+11
-1.554869e+07 -5.385911e+07 -1.084112e+06 0.000000e+00 0.000000e+00 0.000000e+00 5.841000e+24 1.203300e+03 4.157900e+11
2.721807e+06 -5.587498e+07 -3.779511e+06 0.000000e+00 0.000000e+00 0.000000e+00 5.841000e+24 1.203300e+03 4.157900e+11
2.057703e+07 -5.171220e+07 -6.799290e+06 0.000000e+00 0.000000e+00 0.000000e+00 5.841000e+24 1.203300e+03 4.157900e+11
3.604886e+07 -4.183442e+07 -9.701014e+06 0.000000e+00 0.000000e+00 0.000000e+00 5.841000e+24 1.203300e+03 4.157900e+11
4.744359e+07 -2.733903e+07 -1.205744e+07 0.000000e+00 0.000000e+00 0.000000e+00 5.841000e+24 1.203300e+03 4.157900e+11
5.352397e+07 -9.830786e+06 -1.350383e+07 0.000000e+00 0.000000e+00 0.000000e+00 5.841000e+24 1.203300e+03 4.157900e+11
5.363988e+07 8.759979e+06 -1.377472e+07 0.000000e+00 0.000000e+00 0.000000e+00 5.841000e+24 1.203300e+03 4.157900e+11
4.780392e+07 2.638653e+07 -1.273780e+07 0.000000e+00 0.000000e+00 0.000000e+00 5.841000e+24 1.203300e+03 4.157900e+11
3.668260e+07 4.110870e+07 -1.040292e+07 0.000000e+00 0.000000e+00 0.000000e+00 5.841000e+24 1.203300e+03 4.157900e+11
2.152197e+07 5.130902e+07 -6.922636e+06 0.000000e+00 0.000000e+00 0.000000e+00 5.841000e+24 1.203300e+03 4.157900e+11
4.015494e+06 5.586616e+07 -2.576665e+06 0.000000e+00 0.000000e+00 0.000000e+00 5.841000e+24 1.203300e+03 4.157900e+11
-1.388181e+07 5.427614e+07 2.259794e+06 0.000000e+00 0.000000e+00 0.000000e+00 5.841000e+24 1.203300e+03 4.157900e+11
-3.016629e+07 4.671787e+07 7.156604e+06 0.000000e+00 0.000000e+00 0.000000e+00 5.841000e+24 1.203300e+03 4.157900e+11
-4.300741e+07 3.402543e+07 1.167506e+07 0.000000e+00 0.000000e+00 0.000000e+00 5.841000e+24 1.203300e+03 4.157900e+11
-5.094995e+07 1.761118e+07 1.541639e+07 0.000000e+00 0.000000e+00 0.000000e+00 5.841000e+24 1.203300e+03 4.157900e+11
-5.307417e+07 -6.931078e+05 1.806853e+07 0.000000e+00 0.000000e+00 0.000000e+00 5.841000e+24 1.203300e+03 4.157900e+11
-4.910542e+07 -1.883330e+07 1.943554e+07 0.000000e+00 0.000000e+00 0.000000e+00 5.841000e+24 1.203300e+03 4.157900e+11
-3.945317e+07 -3.475996e+07 1.946704e+07 0.000000e+00 0.000000e+00 0.000000e+00 5.841000e+24 1.203300e+03 4.157900e+11
-2.517196e+07 -4.665488e+07 1.826256e+07 0.000000e+00 0.000000e+00 0.000000e+00 5.841000e+24 1.203300e+03 4.157900e+11
-7.849560e+06 -5.314221e+07 1.606273e+07 0.000000e+00 0.000000e+00 0.000000e+00 5.841000e+24 1.203300e+03 4.157900e+11
1.056066e+07 -5.345341e+07 1.322539e+07 0.000000e+00 0.000000e+00 0.000000e+00 5.841000e+24 1.203300e+03 4.157900e+11
2.796017e+07 -4.752170e+07 1.018293e+07 0.000000e+00 0.000000e+00 0.000000e+00 5.841000e+24 1.203300e+03 4.157900e+11
4.234217e+07 -3.600224e+07 7.399894e+06 0.000000e+00 0.000000e+00 0.000000e+00 5.841000e+24 1.203300e+03 4.157900e+11
5.202718e+07 -2.021543e+07 5.314725e+06 0.000000e+00 0.000000e+00 0.000000e+00 5.841000e+24 1.203300e+03 4.157900e+11
5.586868e+07 -2.002896e+06 4.289779e+06 0.000000e+00 0.000000e+00 0.000000e+00 5.841000e+24 1.203300e+03 4.157900e+11
5.339923e+07 1.647473e+07 4.566332e+06 0.000000e+00 0.000000e+00 0.000000e+00 5.841000e+24 1.203300e+03 4.157900e+11
4.490611e+07 3.299103e+07 6.232829e+06 0.000000e+00 0.000000e+00 0.000000e+00 5.841000e+24 1.203300e+03 4.157900e+11
3.141613e+07 4.551969e+07 9.208889e+06 0.000000e+00 0.000000e+00 0.000000e+00 5.841000e+24 1.203300e+03 4.157900e+11
1.459367e+07 5.248957e+07 1.325185e+07 0.000000e+00 0.000000e+00 0.000000e+00 5.841000e+24 1.203300e+03 4.157900e+11
-3.445632e+06 5.299732e+07 1.797781e+07 0.000000e+00 0.000000e+00 0.000000e+00 5.841000e+24 1.203300e+03 4.157900e+11
-2.038804e+07 4.693710e+07 2.291292e+07 0.000000e+00 0.000000e+00 0.000000e+00 5.841000e+24 1.203300e+03 4.157900e+11
-3.401031e+07 3.505100e+07 2.754061e+07 0.000000e+00 0.000000e+00 0.000000e+00 5.841000e+24 1.203300e+03 4.157900e+11
-4.246942e+07 1.885976e+07 3.137581e+07 0.000000e+00 0.000000e+00 0.000000e+00 5.841000e+24 1.203300e+03 4.157900e+11
-4.456341e+07 4.999493e+05 3.402417e+07 0.000000e+00 0.000000e+00 0.000000e+00 5.841000e+24 1.203300e+03 4.157900e+11
-3.992186e+07 -1.754440e+07 3.524503e+07 0.000000e+00 0.000000e+00 0.000000e+00 5.841000e+24 1.203300e+03 4.157900e+11
-2.909662e+07 -3.276047e+07 3.498423e+07 0.000000e+00 0.000000e+00 0.000000e+00 5.841000e+24 1.203300e+03 4.157900e+11
-1.352777e+07 -4.295827e+07 3.339673e+07 0.000000e+00 0.000000e+00 0.000000e+00 5.841000e+24 1.203300e+03 4.157900e+11
4.617485e+06 -4.659944e+07 3.083657e+07 0.000000e+00 0.000000e+00 0.000000e+00 5.841000e+24 1.203300e+03 4.157900e+11
2.271512e+07 -4.306410e+07 2.780772e+07 0.000000e+00 0.000000e+00 0.000000e+00 5.841000e+24 1.203300e+03 4.157900e+11
3.805718e+07 -3.278819e+07 2.490612e+07 0.000000e+00 0.000000e+00 0.000000e+00 5.841000e+24 1.203300e+03 4.157900e+11
4.825750e+07 -1.727100e+07 2.273150e+07 0.000000e+00 0.000000e+00 0.000000e+00 5.841000e+24 1.203300e+03 4.157900e+11
5.165046e+07 1.096295e+06 2.179033e+07 0.000000e+00 0.000000e+00 0.000000e+00 5.841000e+24 1.203300e+03 4.157900e+11
4.761368e+07 1.935113e+07 2.240896e+07 0.000000e+00 0.000000e+00 0.000000e+00 5.841000e+24 1.203300e+03 4.157900e+11
3.675064e+07 3.441978e+07 2.466673e+07 0.000000e+00 0.000000e+00 0.000000e+00 5.841000e+24 1.203300e+03 4.157900e+11
2.087941e+07 4.362855e+07 2.836208e+07 0.000000e+00 0.000000e+00 0.000000e+00 5.841000e+24 1.203300e+03 4.157900e+11
2.813908e+06 4.522613e+07 3.302127e+07 0.000000e+00 0.000000e+00 0.000000e+00 5.841000e+24 1.203300e+03 4.157900e+11
-1.406576e+07 3.878541e+07 3.796898e+07 0.000000e+00 0.000000e+00 0.000000e+00 5.841000e+24 1.203300e+03 4.157900e+11
-2.641298e+07 2.541387e+07 4.242910e+07 0.000000e+00 0.000000e+00 0.000000e+00 5.841000e+24 1.203300e+03 4.157900e+11
-3.159000e+07 7.691440e+06 4.567970e+07 0.000000e+00 0.000000e+00 0.000000e+00 5.841000e+24 1.203300e+03 4.157900e+11
-2.829657e+07 -1.071046e+07 4.720546e+07 0.000000e+00 0.000000e+00 0.000000e+00 5.841000e+24 1.203300e+03 4.157900e+11
-1.701649e+07 -2.570365e+07 4.683505e+07 0.000000e+00 0.000000e+00 0.000000e+00 5.841000e+24 1.203300e+03 4.157900e+11
-1.360967e+05 -3.368021e+07 4.482673e+07 0.000000e+00 0.000000e+00 0.000000e+00 5.841000e+24 1.203300e+03 4.157900e+11
1.837973e+07 -3.245557e+07 4.186340e+07 0.000000e+00 0.000000e+00 0.000000e+00 5.841000e+24 1.203300e+03 4.157900e+11
3.377344e+07 -2.205744e+07 3.894416e+07 0.000000e+00 0.000000e+00 0.000000e+00 5.841000e+24 1.203300e+03 4.157900e+11
4.168827e+07 -5.075466e+06 3.714877e+07 0.000000e+00 0.000000e+00 0.000000e+00 5.841000e+24 1.203300e+03 4.157900e+11
3.953632e+07 1.364117e+07 3.734406e+07 0.000000e+00 0.000000e+00 0.000000e+00 5.841000e+24 1.203300e+03 4.157900e+11
2.768173e+07 2.809750e+07 3.985004e+07 0.000000e+00 0.000000e+00 0.000000e+00 5.841000e+24 1.203300e+03 4.157900e+11
9.970511e+06 3.300489e+07 4.421567e+07 0.000000e+00 0.000000e+00 0.000000e+00 5.841000e+24 1.203300e+03 4.157900e+11
-6.888618e+06 2.600351e+07 4.919488e+07 0.000000e+00 0.000000e+00 0.000000e+00 5.841000e+24 1.203300e+03 4.157900e+11
-1.541261e+07 9.511774e+06 5.306409e+07 0.000000e+00 0.000000e+00 0.000000e+00 5.841000e+24 1.203300e+03 4.157900e+11
-1.076187e+07 -8.883577e+06 5.430512e+07 0.000000e+00 0.000000e+00 0.000000e+00 5.841000e+24 1.203300e+03 4.157900e+11
5.478137e+06 -1.875015e+07 5.255635e+07 0.000000e+00 0.000000e+00 0.000000e+00 5.841000e+24 1.203300e+03 4.157900e+11
2.335642e+07 -1.257376e+07 4.939772e+07 0.000000e+00 0.000000e+00 0.000000e+00 5.841000e+24 1.203300e+03 4.157900e+11
2.804584e+07 6.120318e+06 4.816300e+07 0.000000e+00 0.000000e+00 0.000000e+00 5.841000e+24 1.203300e+03 4.157900e+11
1.288017e+07 1.793750e+07 5.153707e+07 0.000000e+00 0.000000e+00 0.000000e+00 5.841000e+24 1.203300e+03 4.157900e+11
1.154314e+06 2.676576e+06 5.599341e+07 0.000000e+00 0.000000e+00 0.000000e+00 5.841000e+24 1.203300e+03 4.157900e+11
1.144827e+07 3.643566e+06 5.476751e+07 0.000000e+00 0.000000e+00 0.000000e+00 5.841000e+24 1.203300e+03 4.157900e+11
4.381753e+07 -6.077859e+07 1.049829e+07 0.000000e+00 0.000000e+00 0.000000e+00 5.825800e+24 2.129800e+02 3.626000e+10
4.463396e+07 -5.456844e+07 2.746502e+07 0.000000e+00 0.000000e+00 0.000000e+00 5.825800e+24 2.129800e+02 3.626000e+10
6.164416e+07 -4.244548e+07 1.107307e+07 0.000000e+00 0.000000e+00 0.000000e+00 5.825800e+24 2.129800e+02 3.626000e+10
5.543653e+07 -4.891895e+07 -1.606525e+07 0.000000e+00 0.000000e+00 0.000000e+00 5.825800e+24 2.129800e+02 3.626000e+10
3.151818e+07 -6.471836e+07 -2.328964e+07 0.000000e+00 0.000000e+00 0.000000e+00 5.825800e+24 2.129800e+02 3.626000e+10
9.435297e+06 -7.486955e+07 -5.464782e+06 0.000000e+00 0.000000e+00 0.000000e+00 5.825800e+24 2.129800e+02 3.626000e+10
3.110871e+06 -7.161013e+07 2.421820e+07 0.000000e+00 0.000000e+00 0.000000e+00 5.825800e+24 2.129800e+02 3.626000e+10
1.478895e+07 -5.634367e+07 4.827891e+07 0.000000e+00 0.000000e+00 0.000000e+00 5.825800e+24 2.129800e+02 3.626000e+10
3.740580e+07 -3.620383e+07 5.490358e+07 0.000000e+00 0.000000e+00 0.000000e+00 5.825800e+24 2.129800e+02 3.626000e+10
6.009067e+07 -1.944688e+07 4.165551e+07 0.000000e+00 0.000000e+00 0.000000e+00 5.825800e+24 2.129800e+02 3.626000e+10
7.332615e+07 -1.193574e+07 1.432152e+07 0.000000e+00 0.000000e+00 0.000000e+00 5.825800e+24 2.129800e+02 3.626000e+10
7.211284e+07 -1.550207e+07 -1.684136e+07 0.000000e+00 0.000000e+00 0.000000e+00 5.825800e+24 2.129800e+02 3.626000e+10
5.682622e+07 -2.806096e+07 -4.132415e+07 0.000000e+00 0.000000e+00 0.000000e+00 5.825800e+24 2.129800e+02 3.626000e+10
3.223004e+07 -4.489099e+07 -5.167566e+07 0.000000e+00 0.000000e+00 0.000000e+00 5.825800e+24 2.129800e+02 3.626000e+10
5.443741e+06 -6.039936e+07 -4.523999e+07 0.000000e+00 0.000000e+00 0.000000e+00 5.825800e+24 2.129800e+02 3.626000e+10
-1.633362e+07 -6.978199e+07 -2.424844e+07 0.000000e+00 0.000000e+00 0.000000e+00 5.825800e+24 2.129800e+02 3.626000e+10
-2.772582e+07 -7.019272e+07 5.348995e+06 0.000000e+00 0.000000e+00 0.000000e+00 5.825800e+24 2.129800e+02 3.626000e+10
-2.633109e+07 -6.123846e+07 3.578932e+07 0.000000e+00 0.000000e+00 0.000000e+00 5.825800e+24 2.129800e+02 3.626000e+10
-1.299987e+07 -4.483303e+07 5.954261e+07 0.000000e+00 0.000000e+00 0.000000e+00 5.825800e+24 2.129800e+02 3.626000e+10
8.662713e+06 -2.453822e+07 7.104317e+07 0.000000e+00 0.000000e+00 0.000000e+00 5.825800e+24 2.129800e+02 3.626000e+10
3.332743e+07 -4.631848e+06 6.776485e+07 0.000000e+00 0.000000e+00 0.000000e+00 5.825800e+24 2.129800e+02 3.626000e+10
5.523620e+07 1.088005e+07 5.054551e+07 0.000000e+00 0.000000e+00 0.000000e+00 5.825800e+24 2.129800e+02 3.626000e+10
6.944937e+07 1.908780e+07 2.316869e+07 0.000000e+00 0.000000e+00 0.000000e+00 5.825800e+24 2.129800e+02 3.626000e+10
7.280328e+07 1.871109e+07 -8.596819e+06 0.000000e+00 0.000000e+00 0.000000e+00 5.825800e+24 2.129800e+02 3.626000e+10
6.445378e+07 1.025626e+07 -3.827262e+07 0.000000e+00 0.000000e+00 0.000000e+00 5.825800e+24 2.129800e+02 3.626000e+10
4.591782e+07 -4.167315e+06 -5.998736e+07 0.000000e+00 0.000000e+00 0.000000e+00 5.825800e+24 2.129800e+02 3.626000e+10
2.066774e+07 -2.133802e+07 -6.958292e+07 0.000000e+00 0.000000e+00 0.000000e+00 5.825800e+24 2.129800e+02 3.626000e+10
-6.607152e+06 -3.757589e+07 -6.533573e+07 0.000000e+00 0.000000e+00 0.000000e+00 5.825800e+24 2.129800e+02 3.626000e+10
-3.092728e+07 -4.945694e+07 -4.818568e+07 0.000000e+00 0.000000e+00 0.000000e+00 5.825800e+24 2.129800e+02 3.626000e+10
-4.795889e+07 -5.443111e+07 -2.148291e+07 0.000000e+00 0.000000e+00 0.000000e+00 5.825800e+24 2.129800e+02 3.626000e+10
-5.478263e+07 -5.127501e+07 9.698494e+06 0.000000e+00 0.000000e+00 0.000000e+00 5.825800e+24 2.129800e+02 3.626000e+10
-5.040062e+07 -4.027212e+07 3.952372e+07 0.000000e+00 0.000000e+00 0.000000e+00 5.825800e+24 2.129800e+02 3.626000e+10
-3.587247e+07 -2.314475e+07 6.246437e+07 0.000000e+00 0.000000e+00 0.000000e+00 5.825800e+24 2.129800e+02 3.626000e+10
-1.409348e+07 -2.710594e+06 7.428495e+07 0.000000e+00 0.000000e+00 0.000000e+00 5.825800e+24 2.129800e+02 3.626000e+10
1.074070e+07 1.762504e+07 7.278942e+07 0.000000e+00 0.000000e+00 0.000000e+00 5.825800e+24 2.129800e+02 3.626000e+10
3.389188e+07 3.448530e+07 5.819197e+07 0.000000e+00 0.000000e+00 0.000000e+00 5.825800e+24 2.129800e+02 3.626000e+10
5.093105e+07 4.512281e+07 3.307923e+07 0.000000e+00 0.000000e+00 0.000000e+00 5.825800e+24 2.129800e+02 3.626000e+10
5.852459e+07 4.790976e+07 1.941160e+06 0.000000e+00 0.000000e+00 0.000000e+00 5.825800e+24 2.129800e+02 3.626000e+10
5.503965e+07 4.263699e+07 -2.961570e+07 0.000000e+00 0.000000e+00 0.000000e+00 5.825800e+24 2.129800e+02 3.626000e+10
4.084790e+07 3.056190e+07 -5.587246e+07 0.000000e+00 0.000000e+00 0.000000e+00 5.825800e+24 2.129800e+02 3.626000e+10
1.829405e+07 1.420183e+07 -7.202717e+07 0.000000e+00 0.000000e+00 0.000000e+00 5.825800e+24 2.129800e+02 3.626000e+10
-8.710590e+06 -3.104823e+06 -7.509129e+07 0.000000e+00 0.000000e+00 0.000000e+00 5.825800e+24 2.129800e+02 3.626000e+10
-3.536346e+07 -1.779512e+07 -6.447520e+07 0.000000e+00 0.000000e+00 0.000000e+00 5.825800e+24 2.129800e+02 3.626000e+10
-5.685016e+07 -2.674056e+07 -4.215696e+07 0.000000e+00 0.000000e+00 0.000000e+00 5.825800e+24 2.129800e+02 3.626000e+10
-6.924778e+07 -2.784552e+07 -1.239762e+07 0.000000e+00 0.000000e+00 0.000000e+00 5.825800e+24 2.129800e+02 3.626000e+10
-7.030611e+07 -2.049514e+07 1.900591e+07 0.000000e+00 0.000000e+00 0.000000e+00 5.825800e+24 2.129800e+02 3.626000e+10
-5.996216e+07 -5.721175e+06 4.578301e+07 0.000000e+00 0.000000e+00 0.000000e+00 5.825800e+24 2.129800e+02 3.626000e+10
-4.044221e+07 1.391457e+07 6.241019e+07 0.000000e+00 0.000000e+00 0.000000e+00 5.825800e+24 2.129800e+02 3.626000e+10
-1.593170e+07 3.477130e+07 6.527903e+07 0.000000e+00 0.000000e+00 0.000000e+00 5.825800e+24 2.129800e+02 3.626000e+10
8.183061e+06 5.282093e+07 5.354664e+07 0.000000e+00 0.000000e+00 0.000000e+00 5.825800e+24 2.129800e+02 3.626000e+10
2.638905e+07 6.448276e+07 2.949349e+07 0.000000e+00 0.000000e+00 0.000000e+00 5.825800e+24 2.129800e+02 3.626000e+10
3.424717e+07 6.744105e+07 -1.755448e+06 0.000000e+00 0.000000e+00 0.000000e+00 5.825800e+24 2.129800e+02 3.626000e+10
2.948467e+07 6.127122e+07 -3.317876e+07 0.000000e+00 0.000000e+00 0.000000e+00 5.825800e+24 2.129800e+02 3.626000e+10
1.271134e+07 4.769683e+07 -5.733901e+07 0.000000e+00 0.000000e+00 0.000000e+00 5.825800e+24 2.129800e+02 3.626000e+10
-1.245608e+07 3.037292e+07 -6.816551e+07 0.000000e+00 0.000000e+00 0.000000e+00 5.825800e+24 2.129800e+02 3.626000e+10
-4.000123e+07 1.416025e+07 -6.263949e+07 0.000000e+00 0.000000e+00 0.000000e+00 5.825800e+24 2.129800e+02 3.626000e+10
-6.283982e+07 3.959680e+06 -4.194907e+07 0.000000e+00 0.000000e+00 0.000000e+00 5.825800e+24 2.129800e+02 3.626000e+10
-7.467426e+07 3.344082e+06 -1.169862e+07 0.000000e+00 0.000000e+00 0.000000e+00 5.825800e+24 2.129800e+02 3.626000e+10
-7.197803e+07 1.330477e+07 1.914072e+07 0.000000e+00 0.000000e+00 0.000000e+00 5.825800e+24 2.129800e+02 3.626000e+10
-5.555622e+07 3.153204e+07 4.054048e+07 0.000000e+00 0.000000e+00 0.000000e+00 5.825800e+24 2.129800e+02 3.626000e+10
-3.103438e+07 5.261178e+07 4.464530e+07 0.000000e+00 0.000000e+00 0.000000e+00 5.825800e+24 2.129800e+02 3.626000e+10
-7.748514e+06 6.940527e+07 2.910670e+07 0.000000e+00 0.000000e+00 0.000000e+00 5.825800e+24 2.129800e+02 3.626000e+10
4.175504e+06 7.553983e+07 -7.224891e+05 0.000000e+00 0.000000e+00 0.000000e+00 5.825800e+24 2.129800e+02 3.626000e+10
-1.845028e+06 6.846159e+07 -3.215445e+07 0.000000e+00 0.000000e+00 0.000000e+00 5.825800e+24 2.129800e+02 3.626000e+10
-2.444247e+07 5.189363e+07 -4.933473e+07 0.000000e+00 0.000000e+00 0.000000e+00 5.825800e+24 2.129800e+02 3.626000e+10
-5.219475e+07 3.596319e+07 -4.131281e+07 0.000000e+00 0.000000e+00 0.000000e+00 5.825800e+24 2.129800e+02 3.626000e+10
-6.702276e+07 3.306159e+07 -1.180004e+07 0.000000e+00 0.000000e+00 0.000000e+00 5.825800e+24 2.129800e+02 3.626000e+10
-5.592160e+07 4.849688e+07 1.565452e+07 0.000000e+00 0.000000e+00 0.000000e+00 5.825800e+24 2.129800e+02 3.626000e+10
-2.980343e+07 6.891894e+07 9.289146e+06 0.000000e+00 0.000000e+00 0.000000e+00 5.825800e+24 2.129800e+02 3.626000e+10
-3.262062e+07 6.376208e+07 -2.438451e+07 0.000000e+00 0.000000e+00 0.000000e+00 5.825800e+24 2.129800e+02 3.626000e+10
-4.381753e+07 6.077859e+07 -1.049829e+07 0.000000e+00 0.000000e+00 0.000000e+00 5.825800e+24 2.129800e+02 3.626000e+10
